5.943272087877000676e-01 -2.990177906507166528e-01 2.644471324853919780e-01
5.772747310193001580e-01 -2.986582327076476862e-01 2.670694958934103913e-01
5.879822819738126372e-01 -2.959814484691780101e-01 2.621792296566024527e-01
5.847722337935379322e-01 -2.895530525268523725e-01 2.566897985450156683e-01
5.839510077999158222e-01 -2.799333840331300616e-01 2.466835704866170986e-01
5.861276832716876273e-01 -2.680680317721715888e-01 2.327196370242556323e-01
5.896747650315524725e-01 -2.510605012201196917e-01 2.175133122454668833e-01
5.950479277456233174e-01 -2.332947877578153140e-01 2.016356688351703674e-01
6.009686777804121860e-01 -2.122741758036243431e-01 1.847275068904056516e-01
6.075993913858044326e-01 -1.903265514468832353e-01 1.701439007570827722e-01
6.143749603419430549e-01 -1.673847583744356438e-01 1.554183559296883343e-01
6.203852948431762826e-01 -1.405962278691993417e-01 1.431859290094372739e-01
6.259199758482822951e-01 -1.141492185924682101e-01 1.319087984994319340e-01
6.303344005025242058e-01 -8.565493335883578307e-02 1.207099002599071880e-01
6.352458325548434592e-01 -5.814726644709652253e-02 1.104110050779515267e-01
6.410433850699657210e-01 -3.135958670754124267e-02 1.005255018370752457e-01
6.455087802697557775e-01 -2.775553468791611047e-03 9.019685605833503705e-02
6.522477011707575878e-01 2.219323505583235129e-02 7.979483141994125894e-02
6.614279763144524926e-01 4.648962096252355625e-02 7.058155102151671134e-02
6.710043159399028401e-01 7.111655406470709928e-02 6.180379225991222691e-02
6.805570785194146044e-01 9.401643987903846034e-02 5.481016061731579930e-02
6.908765567691667053e-01 1.171925279724653768e-01 4.809610860197929133e-02
7.015839720914658351e-01 1.386397403515545745e-01 4.534321371527588046e-02
7.113402759128774067e-01 1.589190142471889888e-01 4.313351793124844957e-02
7.171533487836893039e-01 1.796608481502476873e-01 4.115783826854940708e-02
7.266118179926396303e-01 1.958741140615310738e-01 4.049492829358587731e-02
7.332457577001485483e-01 2.106344863277146151e-01 4.370233517740741008e-02
7.336910205467755963e-01 2.239723241051671809e-01 4.305617531530508968e-02
7.405987189013539806e-01 2.326537187449171651e-01 4.169185808701686424e-02
7.393951343062886705e-01 2.421335115717746511e-01 4.074801854490273101e-02
7.443452122963877260e-01 2.484518824203703902e-01 4.249394259740529867e-02
7.416452832111982696e-01 2.550647143669791395e-01 3.764375299668956676e-02
7.463361777214246873e-01 2.601119896420457378e-01 4.044159812328160242e-02
7.443811232714173665e-01 2.661129015850273172e-01 3.866118876607699956e-02
7.495589816372659753e-01 2.705311829035488835e-01 3.870779230077677630e-02
7.492549238745667139e-01 2.757670634734474824e-01 4.066401391399322024e-02
7.507311446417388456e-01 2.817669806122816700e-01 4.022005792136622293e-02
7.563119061180051395e-01 2.851236052864017934e-01 4.119117471403112990e-02
7.563005349523714838e-01 2.898042033280916474e-01 4.518412592495257146e-02
7.584018979741657951e-01 2.948802218421271437e-01 4.401746752964762893e-02
7.585639285543177568e-01 2.983223165324060400e-01 4.741646419497316800e-02
7.612619867974048660e-01 3.020728830361897321e-01 4.632421279569234190e-02
7.601502714553273199e-01 3.052492313333226570e-01 4.790466500674915584e-02
7.620160514278228048e-01 3.079994726798387927e-01 4.923143618480779055e-02
7.610892217082095845e-01 3.094476483790993826e-01 4.885995137744632982e-02
7.601540942876912066e-01 3.122438370525873474e-01 4.871243693360591265e-02
7.583661149132051582e-01 3.128490946344507639e-01 4.801453441206950112e-02
7.554210358378213863e-01 3.108724787821264268e-01 4.615696705648432430e-02
8.202874328361451362e-01 3.537394771900319035e-01 8.642896523930909680e-02
7.036973436670462823e-01 2.766906960709619723e-01 1.406104376159966404e-02
