5.830596721340699506e-01 -3.216886383030311269e-01 2.886374868787766612e-01
5.841474931693649841e-01 -3.100861134398729124e-01 2.765830227413903497e-01
5.852345290071433448e-01 -2.984820999632558092e-01 2.645288855964493813e-01
5.863209614719142593e-01 -2.868772726808897500e-01 2.524728163340326237e-01
5.874074169150407254e-01 -2.752723572671208485e-01 2.404168673504924747e-01
5.885140188230373326e-01 -2.636384771172173291e-01 2.283415727878282953e-01
5.911624674134448032e-01 -2.490351899026357063e-01 2.147352892455149653e-01
5.959446548895003248e-01 -2.299001403256175913e-01 1.998281118913270704e-01
6.007563246403109236e-01 -2.106797014365397458e-01 1.849251830308709099e-01
6.061815917939087361e-01 -1.889027511222152733e-01 1.706181534050718041e-01
6.120022519005323680e-01 -1.637981018743282779e-01 1.579001258281238218e-01
6.178663040342844415e-01 -1.384385767422419422e-01 1.453680992875902855e-01
6.237975836811516794e-01 -1.126440981457439844e-01 1.332836370522274549e-01
6.300136055929828061e-01 -8.610219067974754503e-02 1.223833077399068270e-01
6.362296974015493323e-01 -5.955967749457132671e-02 1.114825651720171978e-01
6.424543307700711914e-01 -3.302002379534470927e-02 1.005909510418558639e-01
6.487324187156612298e-01 -6.499974994749945119e-03 8.978389347602677706e-02
6.554559755164789392e-01 1.981514156254199702e-02 7.947320824676767925e-02
6.625592294828418494e-01 4.589856702529131888e-02 6.955215644863807500e-02
6.711237110369961956e-01 7.057006233345251844e-02 6.169256130772802355e-02
6.807685343820941704e-01 9.357590096859348672e-02 5.604690589757715252e-02
6.904831648326613669e-01 1.162628534295390426e-01 5.078750733563890812e-02
7.001328864539917429e-01 1.383573259256363486e-01 4.629182525598352776e-02
7.088940483104528845e-01 1.580966873396685290e-01 4.425585259614438216e-02
7.175485760762624343e-01 1.776357539037997924e-01 4.237243587540943934e-02
7.246845186332868671e-01 1.947260463214926796e-01 4.174448653330496001e-02
7.310652527937171463e-01 2.106570368756007505e-01 4.140651055227718980e-02
7.353609018065351277e-01 2.231413475118061152e-01 4.129693884403691506e-02
7.384404673428964783e-01 2.333678722739981337e-01 4.109654328059428319e-02
7.404521261698486789e-01 2.411296910392639326e-01 4.072083613601458485e-02
7.420731785909503442e-01 2.476556933575800035e-01 4.032903702082131503e-02
7.436725971850770556e-01 2.540075837335802889e-01 3.996356875472178299e-02
7.452680914587457295e-01 2.603176556148788512e-01 3.960902214133080190e-02
7.469277600203694245e-01 2.660664339599979056e-01 3.953265217363818168e-02
7.486485165904496197e-01 2.715491110452821211e-01 3.965190786244891796e-02
7.504877252500530282e-01 2.763296989813058824e-01 4.044679960133969188e-02
7.523239663743297445e-01 2.809228130907949761e-01 4.142959278441610271e-02
7.541199787773097407e-01 2.853766386504078545e-01 4.253826979418835752e-02
7.559151841012398121e-01 2.898291163784654789e-01 4.364868627444335597e-02
7.576913908520039875e-01 2.942734922792746843e-01 4.476823303903592483e-02
7.591255364289037910e-01 2.983809114276243513e-01 4.590024449655374927e-02
7.601881563872466829e-01 3.020754887100957631e-01 4.692206036698412519e-02
7.604245157462410365e-01 3.050160957108301596e-01 4.757357501167219782e-02
7.604314768586376561e-01 3.076568535739305221e-01 4.808424557873176852e-02
7.602849577916067636e-01 3.100694348871617656e-01 4.844520955176050137e-02
7.601372231071691354e-01 3.124750987147825176e-01 4.880114638795955695e-02
7.599839731092411510e-01 3.148710083781277591e-01 4.915381734163291882e-02
7.598301403164551271e-01 3.172674656174933605e-01 4.950170083520337438e-02
7.596779731632864463e-01 3.196596154977782156e-01 4.984760964052954713e-02
7.595271753629622147e-01 3.220507809521551690e-01 5.019394172729951115e-02
