5.941287369317796996e-01 -2.670631648589178453e-01 2.621064242721462545e-01
5.941449256728374984e-01 -2.646131906430067571e-01 2.617812963451923713e-01
5.941860308944427738e-01 -2.512088229776189285e-01 2.599406058640036932e-01
5.941664133573183459e-01 -2.223781306546907810e-01 2.557455304603138413e-01
5.940450083395477643e-01 -1.834802662512860227e-01 2.496100682689837147e-01
5.939208202359319566e-01 -1.382981794767097761e-01 2.417400614520571478e-01
5.940410936390353447e-01 -8.985514152942290778e-02 2.322393810206195008e-01
5.946849180773354782e-01 -4.735881464498786081e-02 2.226700052190480617e-01
5.961606339428209278e-01 -9.317033271102692984e-03 2.125120210675195687e-01
5.984260457065393446e-01 2.026298976357769274e-02 2.027333270450544511e-01
6.014814336808594897e-01 4.445654098257455916e-02 1.925151073232983789e-01
6.053789080222652386e-01 6.588468704074659787e-02 1.807602888756058290e-01
6.096196550628567579e-01 8.407351254063516466e-02 1.681003172478547913e-01
6.146958336497523323e-01 1.017969660817275163e-01 1.530217611566783986e-01
6.204799040134499899e-01 1.173950733843329014e-01 1.371001625628343046e-01
6.277929545822428237e-01 1.311209102660618464e-01 1.200550705399557466e-01
6.378317028621164342e-01 1.425704981560793894e-01 1.015503157423656572e-01
6.499957100903882568e-01 1.498397762527626242e-01 8.413643524734593093e-02
6.643446259783982732e-01 1.531324041783538592e-01 6.793777265598341386e-02
6.804879805869048504e-01 1.525451787925443670e-01 5.342768165118378515e-02
6.951378526193090490e-01 1.491252431554797586e-01 4.288064055292847149e-02
7.080485902200812642e-01 1.440289781431164373e-01 3.554236576766136441e-02
7.172155216868871808e-01 1.389653485709928804e-01 3.168965074440250468e-02
7.234634947846879660e-01 1.344414493599483951e-01 3.007199621887243074e-02
7.276275068428521564e-01 1.306263267730355948e-01 2.981637634865829875e-02
7.301745895384521567e-01 1.279451302234217436e-01 3.019596643205289463e-02
7.321229054192206487e-01 1.260202347513323384e-01 3.073205408517647175e-02
7.337137311814359020e-01 1.248359882242244950e-01 3.114685116212622881e-02
7.352119329822860427e-01 1.240629136001789035e-01 3.141348584127560267e-02
7.367242103579633161e-01 1.234873748729301418e-01 3.154298542199997918e-02
7.381242559209099108e-01 1.230158918167949256e-01 3.152822850987894998e-02
7.395981094318911930e-01 1.224914816489073160e-01 3.135582084498422795e-02
7.410722157492898310e-01 1.219051651208844650e-01 3.103723000235491733e-02
7.426840971854220541e-01 1.212097621224025729e-01 3.059788765956736323e-02
7.445763321937562962e-01 1.203514170163097474e-01 3.008286763281316917e-02
7.465743365415621335e-01 1.194057999932368330e-01 2.962977071350361702e-02
7.487198059076197731e-01 1.183455012637883580e-01 2.926819964433607577e-02
7.510471538637647493e-01 1.171551472049527087e-01 2.897202463737017300e-02
7.532365839907275706e-01 1.160144718080276388e-01 2.870899007304129891e-02
7.553882078389326793e-01 1.148700454173092050e-01 2.841434285699197607e-02
7.571851320162826804e-01 1.138563418360018509e-01 2.813953095912819641e-02
7.586650101910289434e-01 1.129173260538677559e-01 2.792251781585465900e-02
7.598883815258520302e-01 1.120118682998447468e-01 2.779464239550754820e-02
7.608264857056996622e-01 1.112405495739006711e-01 2.776765358415339210e-02
7.616934988034582688e-01 1.105548597603566163e-01 2.780575684710471368e-02
7.624790979318128992e-01 1.100513150303098486e-01 2.785942060798626829e-02
7.632161445828120616e-01 1.097155839071033423e-01 2.789078818185048922e-02
7.638419901675128632e-01 1.095367351407176698e-01 2.788640011136767766e-02
7.641808540378206560e-01 1.094855776257749741e-01 2.786663546161790087e-02
7.642554402870965768e-01 1.094813746968528040e-01 2.785932616264501921e-02
