3.987238148711656294e+01 4.121765743450363573e+01
3.987236961909902533e+01 4.121766157499192929e+01
3.987235455973623743e+01 4.121766583564179598e+01
3.987234430446811473e+01 4.121766942794626232e+01
3.987232104229833851e+01 4.121767910117859657e+01
3.885642779885198195e+01 4.039074375255392368e+01
3.784050076024486486e+01 3.956379926991994012e+01
3.682451656167002341e+01 3.873685735622716919e+01
3.580853080259789323e+01 3.790992210531910445e+01
3.474121160191064206e+01 3.713009749508640311e+01
3.348417002685308574e+01 3.661418523642054623e+01
3.222249168549461018e+01 3.610721822960323379e+01
3.095949523769010270e+01 3.560427995681448010e+01
2.947494138739081748e+01 3.612650721562467737e+01
2.799038757126472987e+01 3.664873265370094657e+01
2.650583294439258708e+01 3.717095752088042104e+01
2.502127732496029466e+01 3.769318231105192041e+01
2.353673335687499346e+01 3.821540668708986743e+01
2.205218300834120981e+01 3.873761870402928764e+01
2.056763109145543922e+01 3.925982297323170656e+01
1.908307625364744808e+01 3.978202423375093133e+01
1.759841178867285905e+01 4.030404315841123974e+01
1.611371507728665975e+01 4.082600499330222732e+01
1.460412806948009390e+01 4.129371015474630724e+01
1.290869151688024097e+01 4.096650214973161752e+01
1.127567774717363847e+01 3.999006704756590125e+01
9.642822416068135283e+00 3.901298977597677720e+01
8.009969576931652568e+00 3.803590618597417716e+01
6.706448069629506570e+00 3.653370608748587500e+01
5.796607027826692793e+00 3.463959898585434871e+01
5.372919729686199908e+00 3.240774140710620799e+01
4.955586819585227509e+00 3.017207585516552371e+01
4.577656642572748069e+00 2.791917154952076885e+01
4.199782888949334492e+00 2.566624058798498709e+01
3.821946454669511439e+00 2.341332428255730491e+01
3.444121099603615566e+00 2.116041157862571254e+01
3.066299213610902186e+00 1.890750195141237811e+01
2.688485154993282222e+00 1.665460814627759945e+01
2.310694669985212446e+00 1.440172983108404026e+01
1.932943737628582515e+00 1.214899522677368537e+01
1.566041058189498347e+00 1.004270560292244951e+01
1.199225649738512534e+00 7.936768171121182824e+00
8.324147263377902339e-01 5.831038493554583368e+00
4.656043782796055464e-01 3.725367272149935793e+00
9.879121989960594485e-02 1.619701485114192208e+00
2.642709455740062038e-02 1.171255423558041020e+00
-4.592190782709792279e-02 7.228874527721735888e-01
-1.182781284380556713e-01 2.745269409139241001e-01
-1.906320904274012573e-01 -1.738343489778151896e-01
-2.629874348470635503e-01 -6.221956511889006336e-01
