3.607855893403995395e+01 4.287501990843026078e+01
4.459724041375652348e+01 5.021105678196607158e+01
3.900671896300595165e+01 4.526873139747075925e+01
3.897374269339232455e+01 4.768810909160614386e+01
4.113977819167267569e+01 4.523882446986023353e+01
4.290081195109853240e+01 4.169553964134613722e+01
4.293724159519653227e+01 3.772950024289601600e+01
4.196681118138531019e+01 3.483824491446783611e+01
3.881156725752730097e+01 3.279668432717358684e+01
3.461647934467684706e+01 3.092063286483503504e+01
3.171174528326142195e+01 3.135568274731027572e+01
2.845689649563987089e+01 3.318926535079366147e+01
3.067794150188904467e+01 3.444706846824328750e+01
2.703338774795085087e+01 3.411853678602238205e+01
2.520140572430227621e+01 3.611056380601254290e+01
2.545511441650339890e+01 3.916146388806161127e+01
2.825455527094963415e+01 3.815671751817022539e+01
2.422612282687457963e+01 3.820724106793334585e+01
2.094514116942964321e+01 4.022496352350973581e+01
1.782612434093948650e+01 3.997137254528627892e+01
2.104190015773677302e+01 3.813424793664457013e+01
2.080362145688684450e+01 4.076433654542719154e+01
1.869803976491967035e+01 4.228452988958761694e+01
1.577257146728327086e+01 4.257859564878158665e+01
1.271068862172027281e+01 4.132942883581127091e+01
1.237124193334112832e+01 4.376338373843668705e+01
9.546343863016412357e+00 4.361531780353000443e+01
6.335804711499147146e+00 4.205074632680328506e+01
3.313554884600996342e+00 3.953023222958048422e+01
5.180817186072050884e-01 3.570768674482682314e+01
-2.788831745297716824e-01 3.306670340149668164e+01
4.250259606374172106e-01 3.128061033611929176e+01
2.000882560010380562e+00 2.484459740839775321e+01
3.381096743525333626e+00 2.193569305364906086e+01
5.258004340722441938e+00 2.439266407303036033e+01
4.188416671719844331e+00 1.991332021342215697e+01
7.441539640578291426e+00 1.843186513933461157e+01
5.896093886166994480e+00 1.636127897354245064e+01
2.318051082014584097e+00 1.343211234407447208e+01
1.764831940625704032e+00 1.084162124113068693e+01
-6.912767857431525442e-01 9.783978534223741974e+00
2.398454785736461758e+00 8.582248094535829708e+00
3.124673279853887209e+00 5.303274485119630732e+00
9.186672448374048061e-01 3.847553177742844888e+00
-1.892599114840942112e-03 4.831702860258804688e-01
-7.480921266483300247e-01 4.149961013750965932e+00
-1.354378877402942383e+00 4.930568627098806389e-01
-1.012108693559603090e+00 -3.495818342001394630e+00
4.862741646009496876e-01 -4.454756497039207286e-01
-4.812723763205170591e-01 1.988496413268143970e+00
