-2.793296089385535197e-01 4.134078212290516774e+01
-3.798973037490611659e-01 4.117458375963531125e+01
-9.013567381355755970e-01 4.109040258567435444e+01
-2.107989948863192353e+00 4.106321978140684337e+01
-3.712784326046502770e+00 4.106257723046022079e+01
-5.327093664831977549e+00 4.111798199990717251e+01
-7.082643213462858967e+00 4.125018923541149718e+01
-8.890073482864664811e+00 4.143197973793661504e+01
-1.097482272903249623e+01 4.156443495945975997e+01
-1.330468822608223434e+01 4.161931223249744960e+01
-1.596369018143144558e+01 4.162011173184360757e+01
-1.863663495518589031e+01 4.162011173184360757e+01
-2.100249528615533734e+01 4.162011173184360757e+01
-2.344382243165023283e+01 4.161998374960279534e+01
-2.565442021956420859e+01 4.154942352459585209e+01
-2.758449122809955156e+01 4.123247669044083352e+01
-2.925556116153306618e+01 4.028255706715468420e+01
-3.029975544942488597e+01 3.890812418434894937e+01
-3.085810848620362634e+01 3.730931728444818418e+01
-3.120323960341591629e+01 3.565190588903297453e+01
-3.153696630507777598e+01 3.381461984740001014e+01
-3.194764544203777490e+01 3.161122421197121923e+01
-3.225867072128669832e+01 2.937160899422393356e+01
-3.238998136031381136e+01 2.704258205551691674e+01
-3.240223463687162564e+01 2.429675809751695681e+01
-3.237119863127956876e+01 2.137897860153738350e+01
-3.218030616686469614e+01 1.820568291360415003e+01
-3.194677261870919693e+01 1.538247665561321753e+01
-3.174950772840754354e+01 1.286529515967451687e+01
-3.165860899418119345e+01 1.031232900224512150e+01
-3.170781344996238005e+01 7.869578179158935427e+00
-3.189437594768090634e+01 5.494053352883696562e+00
-3.203877620612507826e+01 3.548663634476724837e+00
-3.211634143393426655e+01 1.830454249489271490e+00
-3.199843999183914178e+01 4.229590225416970384e-01
-3.135863976276007747e+01 -4.131561582948677369e-01
-2.997744963658537642e+01 -8.369654125161289926e-01
-2.782822109309832115e+01 -1.066262967972008369e+00
-2.543193790746254024e+01 -1.117305759007827248e+00
-2.281072646778161328e+01 -1.117318435754285133e+00
-2.027702731282688120e+01 -1.117318435754285133e+00
-1.771548685617504049e+01 -1.100973641486660881e+00
-1.511242065856684746e+01 -1.000764169604209997e+00
-1.272961351719851564e+01 -8.882772040891424581e-01
-1.018413323015295191e+01 -7.794729218127471881e-01
-7.605336943165383445e+00 -6.660379689980828744e-01
-5.188575682425437208e+00 -5.352119758363187429e-01
-3.199318995988633674e+00 -3.368917022240864867e-01
-1.691539536841474956e+00 -1.021095541212133639e-01
0.000000000000000000e+00 0.000000000000000000e+00
