1.422732601238625660e+00 4.101248486146501193e+01
-3.394179069997809578e-02 4.108909277760513845e+01
-1.490615978936990382e+00 4.116570098131725786e+01
-2.947291061062978557e+00 4.124230542633306840e+01
-4.403965746319291164e+00 4.131890946114373975e+01
-5.860973176514905347e+00 4.139556177064830678e+01
-7.393532213976817147e+00 4.147223118330582992e+01
-9.579132265573456095e+00 4.147317024283755416e+01
-1.179139780234366519e+01 4.146555423816474928e+01
-1.400368313611186366e+01 4.145792029316571359e+01
-1.621603971138658906e+01 4.145022036178492897e+01
-1.842839322943375180e+01 4.144251778343416959e+01
-2.064075579888575973e+01 4.143477284535904204e+01
-2.285308815885461797e+01 4.142696800249731837e+01
-2.506540170781034860e+01 4.141912722716263318e+01
-2.713917942168095010e+01 4.118387720175280009e+01
-2.876346865796198315e+01 4.038025828510512838e+01
-2.994143836793167068e+01 3.909189723563234509e+01
-3.073263622393347916e+01 3.740615959288061276e+01
-3.127359364130400721e+01 3.545530947866594573e+01
-3.166127155705721208e+01 3.332899635121826520e+01
-3.202550039635183055e+01 3.117707255078538964e+01
-3.204801972964370549e+01 2.867320493285994587e+01
-3.206290757985101436e+01 2.616282514937403647e+01
-3.207775276213452997e+01 2.365241059602493578e+01
-3.209258073825711222e+01 2.114199049762807547e+01
-3.210740236663968972e+01 1.863155813604652877e+01
-3.212220794321029160e+01 1.612113775171516039e+01
-3.213698389161513091e+01 1.361077224590156654e+01
-3.215175672035977783e+01 1.110040862057969768e+01
-3.216650491208559970e+01 8.590113015065842461e+00
-3.218122632705929931e+01 6.079979091877827813e+00
-3.210233844154437577e+01 3.949983933339302755e+00
-3.193052487297032371e+01 2.049703609725319620e+00
-3.151259171315347984e+01 5.266147017341924474e-01
-3.065344334230421453e+01 -5.282372381542769224e-01
-2.915982814239015397e+01 -1.073056579895771412e+00
-2.700880774616951285e+01 -1.140428541100457549e+00
-2.470506719569051413e+01 -1.081439173260624109e+00
-2.240120628353281873e+01 -1.022349864752939652e+00
-2.009733758975348650e+01 -9.632464254245322044e-01
-1.779346136740060658e+01 -9.041409870975821716e-01
-1.548958667799772826e+01 -8.450118089982242564e-01
-1.318571568948624062e+01 -7.858645271643774910e-01
-1.088184829434132972e+01 -7.267143728923629586e-01
-8.578015370159260300e+00 -6.675282687330760245e-01
-6.274183919808983489e+00 -6.083386993719324121e-01
-3.970386414418110022e+00 -5.491368395947574532e-01
-1.666588286712176403e+00 -4.899296709010112494e-01
6.372102503545322705e-01 -4.307222502032727607e-01
