1.181984564562117335e+01 1.418131384430450304e+01
1.300645735116646584e+01 1.377812989229885510e+01
1.061361803367376844e+01 1.339195223821452707e+01
1.016688945722562032e+01 1.484042305022329522e+01
8.388691615472779972e+00 1.471638325715892037e+01
5.424534432551862295e+00 1.503845061851148124e+01
2.426534743791134208e+00 1.505041143266321590e+01
-6.687884179740711810e-01 1.477401848086526570e+01
-4.399675486364614585e+00 1.463463356663730686e+01
-7.119086591058766622e+00 1.423640003735501303e+01
-9.567061033864908026e+00 1.341664860882034560e+01
-1.154996495964834047e+01 1.213892103413194867e+01
-1.368507623080984459e+01 1.024543992912257551e+01
-1.591877728045193052e+01 7.892531880359226371e+00
-1.758639971647336964e+01 5.655247647192279459e+00
-1.893536019534035830e+01 3.204784111792291057e+00
-1.996829132666010054e+01 5.597895798439221915e-01
-2.030158312772468676e+01 -1.763205898750969336e+00
-2.009723015037376115e+01 -4.278232420556951077e+00
-1.952534704857100323e+01 -7.503333815808640672e+00
-1.872419029639900145e+01 -1.035154398920549923e+01
-1.762045517139317852e+01 -1.254564407635617584e+01
-1.604958874569226879e+01 -1.431735440481895338e+01
-1.374154193117879430e+01 -1.636035771386170978e+01
-1.115389029374481211e+01 -1.830518324679599118e+01
-9.279170967333833175e+00 -1.887193313705635944e+01
-5.318342529683695474e+00 -1.979988362376534994e+01
-2.619967822002634783e+00 -2.014690431754206656e+01
5.672663824863603821e-02 -2.005918467943675054e+01
3.308839153433309033e+00 -1.966164947796179163e+01
5.137721966995937528e+00 -1.880723444734404382e+01
7.463524747156830230e+00 -1.715830756536427515e+01
9.416267602338173504e+00 -1.528339834279861975e+01
1.152749421640397642e+01 -1.284483155380051578e+01
1.322667657456936396e+01 -1.042842502518945302e+01
1.416573432438641511e+01 -8.231265050954098328e+00
1.449788185504843341e+01 -5.877983283558559258e+00
1.426769692761425468e+01 -3.410535439741460007e+00
1.326672794069162897e+01 -1.667115410288335875e+00
1.151690194485432173e+01 -1.009456701641836318e+00
1.096452132061554963e+01 -2.561736764638625985e+00
9.966583116442972567e+00 -9.919968160505552301e-01
8.243019021624267140e+00 -1.091476807407387506e+00
6.376405644080666235e+00 -1.089988870340221488e-01
4.816537891999050025e+00 -8.153845291503565296e-01
3.125076594878648084e+00 -3.611277214224623694e-02
1.051771737877912560e+00 -2.215725417752082982e-01
1.135862463818926305e+00 1.371111597794747450e+00
-1.846825382469967081e-01 -2.097669781136162481e-01
-5.033405647635671443e-01 1.500485462822141347e+00
