1.605643835068241287e+01 1.429043863917032553e+01
1.357359873201556155e+01 1.436648795373806564e+01
1.109075141663477915e+01 1.444253151629741971e+01
8.607904170354899520e+00 1.451857429508287112e+01
6.125056345216388642e+00 1.459461661094098339e+01
3.642207514796965029e+00 1.467065899730068956e+01
1.159331715839272858e+00 1.474666128588322067e+01
-1.449426712523145477e+00 1.461022218023911634e+01
-4.110715993922038791e+00 1.428297872091203402e+01
-6.761853328894156689e+00 1.361960058556882913e+01
-9.406408838491264746e+00 1.292383578878663464e+01
-1.172146931294987127e+01 1.142414422143702524e+01
-1.403653754582559010e+01 9.924440173159320366e+00
-1.590900769377854473e+01 7.950330476980605354e+00
-1.744838800628654241e+01 5.763833705623051529e+00
-1.842371723465250710e+01 3.345692417707449628e+00
-1.932680666506949407e+01 9.014266574696894185e-01
-1.967166782229855215e+01 -1.718481307655930213e+00
-1.966252089332847675e+01 -4.391288497402542568e+00
-1.919815307977695440e+01 -7.036827024468548686e+00
-1.872786250788214701e+01 -9.681503795466888107e+00
-1.758838114379270579e+01 -1.219219823202034370e+01
-1.574990591933878115e+01 -1.441072023605294561e+01
-1.350571619960708247e+01 -1.630236206187433012e+01
-1.103461872921640285e+01 -1.790499484607971681e+01
-8.191246152276892900e+00 -1.874932716292077828e+01
-5.347843985229721042e+00 -1.959354861288381144e+01
-2.417712914778183730e+00 -1.983042961292610684e+01
4.830328986568994121e-01 -1.970213504411950112e+01
3.192578329950032323e+00 -1.896603333990081097e+01
5.483052140530493723e+00 -1.752979709895484817e+01
7.773516932171116167e+00 -1.609357055687143756e+01
9.740724010301292424e+00 -1.442871421798551346e+01
1.101561740622438990e+01 -1.257103144757278024e+01
1.229007880739459146e+01 -1.071330291614243357e+01
1.228090516522923892e+01 -9.096329889713684835e+00
1.225838174623483035e+01 -7.483617301338602701e+00
1.223584756977764876e+01 -5.870893214362551404e+00
1.221330538948026145e+01 -4.258167492996355108e+00
1.219072832517229621e+01 -2.645457227431458058e+00
1.112024856763563641e+01 -2.211228662079514518e+00
1.004977060933719279e+01 -1.777005240294237343e+00
8.765447089105208534e+00 -1.506645615310877151e+00
7.481118532807701449e+00 -1.236291436862942961e+00
6.196765628732667786e+00 -9.659625570752286006e-01
4.912404009281594597e+00 -6.956409110084948999e-01
3.628045599462486503e+00 -4.253203163841144385e-01
2.343702742517302262e+00 -1.549863638331635540e-01
1.059361111939285394e+00 1.153438944987469766e-01
-2.249788345776204956e-01 3.856696332037921615e-01
