-2.940047753489847793e+01 1.352962269087075509e+00
-2.940043712261604725e+01 1.353011561883939340e+00
-2.940039274702270333e+01 1.353058727818055029e+00
-2.940036862845798638e+01 1.353153645438087693e+00
-2.940039758476947895e+01 1.353365781517308131e+00
-2.968073635398200238e+01 2.686248812226994964e+00
-2.996106152655310240e+01 4.019199464450367465e+00
-3.024134967271662333e+01 5.352208237392709123e+00
-3.052156497321577433e+01 6.685304206018429340e+00
-3.080159819537320232e+01 8.018477961808768484e+00
-3.108160183278915056e+01 9.351634475627800924e+00
-2.948275023204237399e+01 1.077647716121518329e+01
-2.788389847680268119e+01 1.220131988982535454e+01
-2.628480247802767877e+01 1.362615249435874709e+01
-2.468570301020449165e+01 1.505097283418459320e+01
-2.308660834466326506e+01 1.647578292878593231e+01
-2.148750705394130378e+01 1.790059464068731288e+01
-1.988839492745204041e+01 1.932542032253566333e+01
-1.828931258230493029e+01 2.075031740800024593e+01
-1.669023239138570247e+01 2.217522240304921510e+01
-1.509115284992702044e+01 2.360012568191140403e+01
-1.349210202217836851e+01 2.502507095906251777e+01
-1.189304560961697810e+01 2.644999497765219587e+01
-1.029391794468095078e+01 2.787491286667184198e+01
-8.694004477747970583e+00 2.929907721577685820e+01
-6.908176528602663069e+00 3.026738876543064549e+01
-5.118382798114488708e+00 3.058575272886856311e+01
-3.805174010209479984e+00 2.967306799922927141e+01
-2.502139687774986854e+00 2.873716564474620938e+01
-1.199404021638933449e+00 2.780054868199269436e+01
-2.533095458563068281e-01 2.612285189395707974e+01
6.922322148360238181e-01 2.444416968589038319e+01
1.637721694979194842e+00 2.276536401218118755e+01
2.584220872136577363e+00 2.107285503960898865e+01
3.530785969431407878e+00 1.938028250916745421e+01
4.477395678662717593e+00 1.768769814038077115e+01
5.424014124285290173e+00 1.599510789883414752e+01
6.370631745484473640e+00 1.430251304247327937e+01
7.317246096683946099e+00 1.260993455064826563e+01
8.263814946873223377e+00 1.091732367680147853e+01
9.206838643307479586e+00 9.225061143055473423e+00
8.619427270145958886e+00 7.890556135846076735e+00
7.521385122439443016e+00 6.762963245021190950e+00
6.422954594313244669e+00 5.635757275892342655e+00
5.324451958263341389e+00 4.508673528843702094e+00
4.225475143585074811e+00 3.382144994470423605e+00
3.126485438468942668e+00 2.255642322672311906e+00
2.027479937826862866e+00 1.129133233955958326e+00
9.285028549727961655e-01 2.642122245346468189e-03
-1.704701895969439329e-01 -1.123847854744411734e+00
