-2.862339105004230078e+01 2.650931673402371569e+00
-2.097864332107246454e+01 -4.785280894806255070e+00
-2.593748089469991669e+01 3.875401369018538489e-01
-2.314643331403560111e+01 -3.665588009405687409e+00
-2.643806190045284055e+01 -3.386688585179558952e+00
-3.153051779174960245e+01 -1.536402742202919169e+00
-3.521278407063205407e+01 1.110589302264627820e+00
-3.658051323826720846e+01 4.663101842224374849e+00
-3.653633534555992668e+01 9.270300394214235240e+00
-3.442389479540598529e+01 1.240526220863754148e+01
-3.217870362934818473e+01 9.928813432590091637e+00
-3.136743896606992621e+01 1.352559680129470010e+01
-2.861916059945922086e+01 1.695245811022311244e+01
-2.489938208243760798e+01 1.854214336236267258e+01
-2.522215793322659749e+01 1.517776426463180606e+01
-2.278472360676142827e+01 1.217596295897490499e+01
-1.966879937663243894e+01 1.337958555215422507e+01
-1.591811610974671254e+01 1.661952109019603441e+01
-1.266283566524419868e+01 2.075225726082618749e+01
-1.379240402427305590e+01 2.365620667890558693e+01
-1.653899608354005579e+01 2.133421229342485859e+01
-1.854738615459370976e+01 2.403747157123200395e+01
-1.876024549849634226e+01 2.821859987283551519e+01
-1.644889880491779977e+01 3.104912606224684524e+01
-1.232495481414715144e+01 3.354861024517157375e+01
-7.637486533249971288e+00 3.501076021056425702e+01
-3.000034657495254997e+00 3.509778984984128414e+01
4.247539111367646392e+00 3.467290566559906040e+01
5.749251637568915996e+00 3.225284347341288083e+01
5.589609497968534235e+00 2.783618545042439507e+01
4.059676277107231002e+00 2.332283194926759862e+01
1.284665349760409248e+00 2.011191967466891484e+01
2.829855864366954243e+00 2.433898632588549660e+01
-1.215174866045975743e-01 2.142724575365408057e+01
-9.358127417999055897e-01 1.759598809975034328e+01
1.293383062832969888e+00 1.481729100880389183e+01
5.189978737166311973e+00 1.370608804897511490e+01
4.804372443729294950e+00 1.700516104085538416e+01
8.201072984580138225e+00 1.592337304021768318e+01
1.139245788255341196e+01 1.285050912502213549e+01
1.306341503116673408e+01 8.903328059040639175e+00
1.193129206710139201e+01 5.429899435268428221e+00
8.911961380369357144e+00 2.036952534403647430e+00
5.624107706342284629e+00 2.470848298596918902e+00
8.057512223751666980e+00 5.230281955972542640e+00
3.866753939758951208e+00 2.956387006999512401e+00
1.206334289638811619e+00 4.721869166122348638e+00
1.138693224042925278e+00 1.015884162188654516e+00
-1.748539192032541045e+00 -1.141429222553296041e+00
6.685277114591164915e-01 -3.499608476024498316e+00
