-4.692438973827926796e-02 -6.208773040076388527e-01 5.398357647269613757e-01
-4.691548497183553601e-02 -6.208003756421689445e-01 5.395952872039474491e-01
-4.690391973240762985e-02 -6.207077229714921263e-01 5.397181222629356956e-01
-4.685704471862055243e-02 -6.206361304815704028e-01 5.397757142979453526e-01
-4.683993490994525777e-02 -6.205435985873651861e-01 5.398675982320679800e-01
-4.678317706470343923e-02 -6.205643868567245480e-01 5.398783551860009133e-01
-4.675596532838131175e-02 -6.205494897813527144e-01 5.399119041316614576e-01
-4.671948796861413039e-02 -6.206393655005024712e-01 5.397921758420965999e-01
-4.665060345363159638e-02 -6.206186701713467535e-01 5.398567783424271793e-01
-4.665464067864233400e-02 -6.206536522856125337e-01 5.398796051464322954e-01
-4.671999722451416343e-02 -6.206311032663343052e-01 5.398862434991363868e-01
-4.676237374275465236e-02 -6.206003821585103220e-01 5.399790480850833463e-01
-4.676271800067367812e-02 -6.206081078578878918e-01 5.399060582959908094e-01
-4.679650598497944042e-02 -6.205820346937714893e-01 5.398799593509524541e-01
-4.672432270148595135e-02 -6.205920416151911034e-01 5.398099756858204534e-01
-4.669059626038769839e-02 -6.205893567418030443e-01 5.397981152443436237e-01
-4.662929137559157500e-02 -6.205979273956973019e-01 5.398041976526345431e-01
-4.672703678150657430e-02 -6.205784094845780974e-01 5.398811751060170749e-01
-4.680354389592617653e-02 -6.205809512305542341e-01 5.399346577672164971e-01
-4.671559694722143830e-02 -6.205987883975019326e-01 5.399982103450057247e-01
-4.680153130581808651e-02 -6.206015976420387048e-01 5.400061465054498688e-01
-4.674624181202519102e-02 -6.205895477650665848e-01 5.400421331870776109e-01
-4.673563030751389652e-02 -6.206252587493169548e-01 5.400550451984483802e-01
-4.666580664078923829e-02 -6.206480724566681983e-01 5.400020732980144178e-01
-4.657941172898287518e-02 -6.207189418978337203e-01 5.399183128764027950e-01
-4.684594454421898979e-02 -6.206855467772206536e-01 5.398668750735233779e-01
-4.663790327997718865e-02 -6.206766021183746096e-01 5.397446993866091836e-01
-4.668633727628312968e-02 -6.206557538319363854e-01 5.398000546268864053e-01
-4.675053687756299675e-02 -6.205901607832922107e-01 5.398726647776045384e-01
-4.672679173129611757e-02 -6.205028514825395858e-01 5.398269219096066829e-01
-4.664415030183522576e-02 -6.203882464449970158e-01 5.399506777458092932e-01
-4.618586602036423711e-02 -6.203027020672908787e-01 5.400385139393556466e-01
-4.549530669668529897e-02 -6.205588064308942275e-01 5.398077587338969696e-01
-3.775976148442262981e-02 -6.214759264725435717e-01 5.375193885097743207e-01
-2.739619002504214279e-02 -6.210895136992214960e-01 5.342876447533959627e-01
-1.278791579711782743e-03 -6.098743380164138861e-01 5.164753563156372351e-01
1.224681269736547715e-02 -5.894305419706589166e-01 4.996221807188213626e-01
1.633763671246528035e-02 -5.705262177529997203e-01 4.945514423326652365e-01
2.004142860989556810e-02 -5.537049285096373730e-01 4.951963669358969145e-01
2.289149619375666772e-02 -5.466021118395157918e-01 4.951882707239266268e-01
2.941347687553571427e-02 -5.348436782556685865e-01 4.903334297017465371e-01
3.757779721423905317e-02 -5.323172570948697668e-01 4.766599319941197677e-01
5.293662355004051523e-02 -5.412587879922070577e-01 4.513237509000939118e-01
7.309937770337096574e-02 -5.543624491464185233e-01 4.204470924554081779e-01
8.085587411062522545e-02 -5.588980188928999171e-01 4.081148197157681290e-01
9.341700595037025212e-02 -5.688088330421613437e-01 3.804488333293251090e-01
1.121187753845033913e-01 -5.756659840777896830e-01 3.561046920823495721e-01
1.348587144910199376e-01 -5.805380625590321753e-01 3.296475545696735399e-01
1.521954922347228123e-01 -5.844537306705636093e-01 2.986500389540572842e-01
1.589292311294072946e-01 -5.874390923889084570e-01 2.710490792555328987e-01
1.627691359904516744e-01 -5.893571450128928246e-01 2.443090129060763449e-01
1.676423919198549717e-01 -5.894062272915425726e-01 2.108335479235098064e-01
1.703106248698122160e-01 -5.892472030788207249e-01 1.865044120663708338e-01
1.710694246556077325e-01 -5.898568231682940199e-01 1.707252616680167978e-01
1.719664850447528981e-01 -5.943647995831817799e-01 1.528104023395717437e-01
1.723196767090549031e-01 -5.945464195828774612e-01 1.531847449244564119e-01
1.726333038188833657e-01 -5.945194017563429911e-01 1.554548075433583865e-01
1.729087135955822696e-01 -5.948756354415672964e-01 1.580614293663741565e-01
1.726434503198027715e-01 -5.946359824907323510e-01 1.783186470472682417e-01
1.718531278394966888e-01 -5.930550777255054751e-01 2.011803627707611508e-01
1.689836155170186538e-01 -5.876648064036987806e-01 2.437587538504688844e-01
1.625301114000550495e-01 -5.768406289858782898e-01 3.026362341132648459e-01
1.512426057406274227e-01 -5.635493743994223204e-01 3.571495769939084797e-01
1.297744233377919609e-01 -5.546839317935415847e-01 4.027929528361294254e-01
1.075406661228769933e-01 -5.510616524555467244e-01 4.290794703705935742e-01
8.023022572488758275e-02 -5.496948717520847572e-01 4.554244579970365137e-01
5.376891411677622856e-02 -5.554190863000317835e-01 4.817011729249947027e-01
4.046036423723364112e-02 -5.725708269408666951e-01 4.921578068426487040e-01
2.383521792317467095e-02 -6.001048202824239564e-01 4.924011442516482706e-01
8.911748248077767248e-03 -6.157726085412609240e-01 4.935775275138534202e-01
-1.545971948896062917e-02 -6.298481241657127860e-01 4.963168365144513539e-01
-4.366034170178333812e-02 -6.398326639562291751e-01 4.994961713209352672e-01
-6.499626254718342266e-02 -6.473525470743604071e-01 5.058700953591617200e-01
-8.193707532538312133e-02 -6.473914105747941017e-01 5.100573741542029360e-01
-8.919953513606368456e-02 -6.450302432500729655e-01 5.103020135909934751e-01
-9.902064298966874178e-02 -6.412137690534472911e-01 5.105906747108923671e-01
-1.009203659289348159e-01 -6.407538609430984966e-01 5.107643497437277524e-01
-1.009998167753360931e-01 -6.404766039162305136e-01 5.108189853646926126e-01
-1.011038357733887449e-01 -6.401265584076856197e-01 5.108949116667517165e-01
-1.011403993428648673e-01 -6.401361479286138412e-01 5.109003276539880734e-01
-1.011823158998833155e-01 -6.401262701268826127e-01 5.109480745923111744e-01
-1.011070399230794281e-01 -6.401753681285421438e-01 5.108790507650343704e-01
-1.010910439759170332e-01 -6.400984437230119450e-01 5.109363940241834490e-01
-1.010529053189113957e-01 -6.399128452717325333e-01 5.108489706299609301e-01
-1.010766301058540345e-01 -6.407020983702215178e-01 5.108620539843853336e-01
-1.010720900246627196e-01 -6.405406258014429977e-01 5.108679507815847565e-01
-1.011626700163049813e-01 -6.404960578520827452e-01 5.108642710685176169e-01
-1.011339854771940716e-01 -6.402584687397050445e-01 5.109330835046429486e-01
-1.012098869742838469e-01 -6.400164842428167633e-01 5.110225144108820894e-01
-1.011073513290126485e-01 -6.401015730565131623e-01 5.110114069660629532e-01
-1.010152756084602976e-01 -6.401765506215523205e-01 5.108938896746160196e-01
-1.011561361776619622e-01 -6.401558798653010918e-01 5.108367395385682297e-01
-1.011415705767919476e-01 -6.401538256534944349e-01 5.108654998388193480e-01
-1.011722928640075847e-01 -6.401812566714522035e-01 5.108612082869932181e-01
-1.011163591273825796e-01 -6.401865778981195021e-01 5.109619088058455771e-01
-1.010848102678800625e-01 -6.402017108034369075e-01 5.107640912091194751e-01
-1.011204466852712175e-01 -6.401068176796432807e-01 5.108556630417380173e-01
-1.010073144489061076e-01 -6.400330036336421280e-01 5.109013932455226392e-01
-1.009838332608587602e-01 -6.399231530987955496e-01 5.110522870194088574e-01
-1.008992289924715846e-01 -6.398245900067623948e-01 5.112497674660901881e-01
