-4.676216302049586437e-02 -6.206144328911403774e-01 5.398474448871561915e-01
-4.676187655639418850e-02 -6.206154886507303514e-01 5.398474570684542728e-01
-4.676161058632166689e-02 -6.206163013010755902e-01 5.398473851941965052e-01
-4.676115111325398338e-02 -6.206170313901770985e-01 5.398471768218910949e-01
-4.676067632191009682e-02 -6.206176174080899610e-01 5.398468381655033843e-01
-4.676006035911624975e-02 -6.206180573453488059e-01 5.398464207648978608e-01
-4.675948610668053534e-02 -6.206184997608029663e-01 5.398460442109043189e-01
-4.675872669844120116e-02 -6.206187594726159107e-01 5.398458062326345619e-01
-4.675798646982472218e-02 -6.206190228787262786e-01 5.398455720957274773e-01
-4.675704958310644005e-02 -6.206192504666798726e-01 5.398455284055047043e-01
-4.675607339230392068e-02 -6.206193770163233037e-01 5.398454535120092990e-01
-4.675500485085878899e-02 -6.206193906071487687e-01 5.398454861594155219e-01
-4.675318552191232852e-02 -6.206187409949454059e-01 5.398452910989307574e-01
-4.675045249393407903e-02 -6.206185278532371230e-01 5.398451251133228324e-01
-4.674684627479846338e-02 -6.206184962605015842e-01 5.398451699265439663e-01
-4.674317278622480698e-02 -6.206185052900643484e-01 5.398455872250905729e-01
-4.673964649385512621e-02 -6.206185663224613736e-01 5.398488060119134291e-01
-4.673789010899763452e-02 -6.206185388747244014e-01 5.398534026764086891e-01
-4.673685492847547140e-02 -6.206178718385040316e-01 5.398581189380857737e-01
-4.673455859038145449e-02 -6.206174886946337343e-01 5.398619869383466385e-01
-4.673229376014696734e-02 -6.206172391651509912e-01 5.398659569542527681e-01
-4.672995196630726211e-02 -6.206171823094258633e-01 5.398697715642934991e-01
-4.672768318303474611e-02 -6.206178222125356969e-01 5.398710205851124933e-01
-4.672685378310331011e-02 -6.206177313129800366e-01 5.398712150201702142e-01
-4.672568066938218717e-02 -6.206180533775922381e-01 5.398713339882951212e-01
-4.672465582803049522e-02 -6.206182897544340049e-01 5.398712428526750706e-01
-4.672326603736219608e-02 -6.206179719171556197e-01 5.398715700823271124e-01
-4.672194782832575499e-02 -6.206177065793738734e-01 5.398718290036356171e-01
-4.672043868210101064e-02 -6.206168263563061060e-01 5.398723804018014105e-01
-4.671796527043978881e-02 -6.206160903227926351e-01 5.398723123617635844e-01
-4.670920132718565931e-02 -6.206160840971579606e-01 5.398719969910559247e-01
-4.662891412700270743e-02 -6.206334803638977604e-01 5.398450152204663510e-01
-4.598055034235910832e-02 -6.206720314778053638e-01 5.395432356788111283e-01
-3.513305818744086317e-02 -6.158763611761164380e-01 5.334910789148115118e-01
-2.189256076693908357e-02 -6.069911424740224160e-01 5.250417464565083625e-01
-8.651032352161193775e-03 -5.980903536756471128e-01 5.165906765656902433e-01
2.963688684152216996e-03 -5.863294962908874863e-01 5.083614357464119049e-01
1.156251215108200850e-02 -5.734216677710562982e-01 5.018150281502877785e-01
1.785348066695979785e-02 -5.615053557851703570e-01 4.968586292601301357e-01
2.414241074001808110e-02 -5.495968618202609068e-01 4.919030809235167556e-01
3.042993429249348999e-02 -5.376986573733884001e-01 4.869448418873446593e-01
3.910965438286560097e-02 -5.346574681575547716e-01 4.742691335017152343e-01
5.370998425333925463e-02 -5.428424118832829715e-01 4.509188452479397924e-01
6.831313285543241798e-02 -5.510301816867885227e-01 4.275665677900209460e-01
8.291692617447898872e-02 -5.592180451270460928e-01 4.042134065981382585e-01
9.752048336168037124e-02 -5.674057590921702809e-01 3.808610369100410842e-01
1.147230304574372028e-01 -5.734287974943218513e-01 3.536780871382136926e-01
1.319252832368667250e-01 -5.794058630085149320e-01 3.264470381409681488e-01
1.491197841529889323e-01 -5.853765520703377856e-01 2.992118864910281451e-01
1.567131092159101124e-01 -5.873550675287330103e-01 2.713185503968459922e-01
1.615126672597376190e-01 -5.884264514132409030e-01 2.436334750110709102e-01
1.662972064936994177e-01 -5.894912593955128344e-01 2.159504441336636271e-01
1.709451888311183665e-01 -5.905452832731603596e-01 1.883783627936190530e-01
1.720196294140845794e-01 -5.920441480804963241e-01 1.694094706830076291e-01
1.725512939181849392e-01 -5.941786715037725708e-01 1.546851624853805007e-01
1.726300583519323750e-01 -5.944103365837306585e-01 1.545382291115481865e-01
1.727077419120694179e-01 -5.946417763118122535e-01 1.543928239053343754e-01
1.729121693790789671e-01 -5.948895238862061952e-01 1.588623635107962728e-01
1.732723478082024982e-01 -5.935738955321288035e-01 1.801998669524224606e-01
1.727034382934621026e-01 -5.902294615226981733e-01 2.100402751109279598e-01
1.672845011270244764e-01 -5.833523346366884521e-01 2.526670560809130550e-01
1.565156955199985545e-01 -5.741801865225930612e-01 3.011039030982919362e-01
1.456044241796423666e-01 -5.649743021767283935e-01 3.495570751443576873e-01
1.307030425469588863e-01 -5.565581496995423150e-01 3.953206795493915959e-01
1.072788191366014221e-01 -5.558660936308976730e-01 4.251829146435896489e-01
8.376482097831645934e-02 -5.553901732598628405e-01 4.547830904606708913e-01
6.015498122774480538e-02 -5.613423815562010866e-01 4.783626982164760899e-01
3.995804995055092512e-02 -5.774766584408024261e-01 4.862459454818784943e-01
1.969825440836979469e-02 -5.938720343519536815e-01 4.904430870239060436e-01
-5.957907098659633331e-04 -6.102032158718910804e-01 4.945611073892728915e-01
-2.094079717233779392e-02 -6.264213110859970790e-01 4.986236775112434794e-01
-4.306026649096121595e-02 -6.368070460222851059e-01 5.023220964335370908e-01
-6.516240754215328612e-02 -6.470786624816863286e-01 5.060219901974755130e-01
-7.914535492339748457e-02 -6.470078054342704998e-01 5.084656966956172530e-01
-8.864353588954582142e-02 -6.443427021222162265e-01 5.096256920606256902e-01
-9.810825799903552524e-02 -6.416661207375009557e-01 5.107739304591734086e-01
-1.011032340565136967e-01 -6.401773006426936252e-01 5.108977350840274712e-01
-1.011110969151737260e-01 -6.401715380534355182e-01 5.108967029066872056e-01
-1.011188970891738481e-01 -6.401658441637585462e-01 5.108956408415017414e-01
-1.011233150015565241e-01 -6.401640091804199351e-01 5.108935982897064854e-01
-1.011259204424366231e-01 -6.401631252219884827e-01 5.108926445416815953e-01
-1.011271035627924891e-01 -6.401632356393230916e-01 5.108923879165403470e-01
-1.011278939041298508e-01 -6.401636346780334996e-01 5.108924358597179971e-01
-1.011283130768904082e-01 -6.401640722009962481e-01 5.108921349819230961e-01
-1.011285677909740249e-01 -6.401646160549616660e-01 5.108918408090281638e-01
-1.011286439914460961e-01 -6.401650551908621978e-01 5.108912720424975129e-01
-1.011275010045222245e-01 -6.401657137804772635e-01 5.108892277979579788e-01
-1.011263118170798031e-01 -6.401663507807455744e-01 5.108872158925549245e-01
-1.011246521804044368e-01 -6.401672339323007943e-01 5.108845824087229204e-01
-1.011227268473018498e-01 -6.401680091881222223e-01 5.108820942498814022e-01
-1.011210159232374117e-01 -6.401685788170692337e-01 5.108795993760080201e-01
-1.011206424281074073e-01 -6.401687123934202139e-01 5.108775738506365904e-01
-1.011204724287505935e-01 -6.401690772736300383e-01 5.108758167764461122e-01
-1.011218585260658248e-01 -6.401691234384526696e-01 5.108744902024268120e-01
-1.011233125935655786e-01 -6.401693608986032125e-01 5.108732592767789571e-01
-1.011256022836117124e-01 -6.401689230441107714e-01 5.108725981881030442e-01
-1.011279534120104323e-01 -6.401684188536420628e-01 5.108722569397532443e-01
-1.011301234734904159e-01 -6.401679778896822715e-01 5.108720445757268802e-01
-1.011320589268860509e-01 -6.401680437810833846e-01 5.108715494713863547e-01
-1.011338688421968279e-01 -6.401680779611377270e-01 5.108713150466881459e-01
