5.886815015438541243e-01 -2.984522379214221699e-01 2.607287325150793866e-01
5.888100839381367191e-01 -2.979732185633510166e-01 2.605628072943880214e-01
5.890316811247676698e-01 -2.975190905533884322e-01 2.603451810112033527e-01
5.896723315498196838e-01 -2.955190201649096626e-01 2.593671772916360529e-01
5.908115450619275677e-01 -2.920013877499237909e-01 2.576595498730138711e-01
5.925225809001970489e-01 -2.866126879870827260e-01 2.550539704420952125e-01
5.949827012765959156e-01 -2.787033366543924529e-01 2.512552441949320592e-01
5.979465780540202946e-01 -2.689126314657268035e-01 2.465514746275460911e-01
6.017185141472776166e-01 -2.561806030403452339e-01 2.404865979232814477e-01
6.058731988491520282e-01 -2.417624491227415573e-01 2.336336327866544438e-01
6.105118638393678410e-01 -2.251803780422183265e-01 2.257876242637743835e-01
6.159645433396496728e-01 -2.055421530842687083e-01 2.166157352746174991e-01
6.214201968285015809e-01 -1.850082795531156898e-01 2.069245440959815996e-01
6.273807813062731720e-01 -1.615085231145817202e-01 1.963413852622996891e-01
6.336720610272480458e-01 -1.378738205024775398e-01 1.853082589982158190e-01
6.397138073631916111e-01 -1.128620804557693424e-01 1.740354438564717665e-01
6.461920671377083814e-01 -8.628620578966929300e-02 1.620948951641373037e-01
6.525007000979290428e-01 -5.939282821790884542e-02 1.502260933470544180e-01
6.589075891010856001e-01 -3.292843925132495075e-02 1.387277362550542181e-01
6.651274811852243563e-01 -5.352147430235011487e-03 1.267561425355581417e-01
6.712032525207722866e-01 2.155504564855594690e-02 1.156581548807960602e-01
6.772783295405578885e-01 4.822325666510066805e-02 1.043860124414682927e-01
6.828464316073689089e-01 7.327756234762856924e-02 9.428457947985210974e-02
6.881338108047064805e-01 9.772248913703844575e-02 8.478636227656836943e-02
6.935423708391922348e-01 1.214529498241036509e-01 7.552847918811886330e-02
6.980600799374632182e-01 1.431678545065458164e-01 6.753861608295333441e-02
7.028956370025918332e-01 1.644349796779078776e-01 5.990934800052335335e-02
7.069113554368202657e-01 1.831505671419799142e-01 5.350617772181161941e-02
7.106258986786837539e-01 2.003654494092834693e-01 4.791014374376924984e-02
7.142410116461708203e-01 2.168134609353455644e-01 4.282660672994252626e-02
7.172486689214558897e-01 2.308982890728205617e-01 3.881468680654139719e-02
7.201247618689239349e-01 2.440956841269042166e-01 3.531576920206396658e-02
7.224861653495283642e-01 2.551709128076943833e-01 3.268861277903501589e-02
7.245307068333178835e-01 2.648614671945250798e-01 3.067286684067156363e-02
7.263901025648745735e-01 2.736432198179523101e-01 2.910090239564304751e-02
7.278392541470528609e-01 2.807495271142333437e-01 2.810865036905226683e-02
7.290268285640411072e-01 2.867330135313965744e-01 2.752284561838580501e-02
7.300501147594099516e-01 2.919423305993019135e-01 2.722125298474624422e-02
7.307601769036319306e-01 2.959356655281944470e-01 2.724362603146422007e-02
7.313495666687465091e-01 2.993043756402881672e-01 2.741798001702785634e-02
7.317175653241608790e-01 3.017699031559813450e-01 2.779760749789510210e-02
7.319183458109671525e-01 3.036314845964845910e-01 2.814815179802499304e-02
7.321826346024599141e-01 3.050987828357150655e-01 2.861936525274898918e-02
7.321004276744603745e-01 3.059834664520718617e-01 2.898781081674176377e-02
7.323090799758783520e-01 3.065528856659333057e-01 2.930006342177797832e-02
7.322504645220977437e-01 3.069105750852567094e-01 2.953616374164987762e-02
7.326679566048742709e-01 3.071930621407899520e-01 2.985651325716691395e-02
7.319689763244152658e-01 3.074050843883226469e-01 3.007678999015960669e-02
7.322106202818580156e-01 3.075533598944927838e-01 3.001191451405761310e-02
7.322559796559194867e-01 3.074554498955400783e-01 3.012285223122166192e-02
