5.856112462063908231e-01 -3.080488753366311117e-01 2.656301769049413397e-01
5.873001807260761487e-01 -3.029385874150408164e-01 2.631249983827190220e-01
5.889900316665359625e-01 -2.978278086594191576e-01 2.606188355607662599e-01
5.906805020451710853e-01 -2.927169176890382363e-01 2.581132770609750882e-01
5.923775453940725022e-01 -2.875815232033002156e-01 2.555934277708209468e-01
5.940981734629122712e-01 -2.824010576814769968e-01 2.530873745589720114e-01
5.958303241457623134e-01 -2.771549229275425685e-01 2.505377121405191754e-01
5.985314209720107304e-01 -2.683303441011603563e-01 2.460646980288956898e-01
6.022884882788837047e-01 -2.558494836883710710e-01 2.396651075865744718e-01
6.066300173850410760e-01 -2.411585702558190492e-01 2.322225191811978784e-01
6.112167053920475324e-01 -2.252350128791420769e-01 2.242592958113357182e-01
6.167424060623204474e-01 -2.034485050532161832e-01 2.143821037458773227e-01
6.225839620663731200e-01 -1.790129009616148736e-01 2.038272643518600213e-01
6.284281237005793219e-01 -1.545458817646154781e-01 1.932710910004750426e-01
6.342700705966382024e-01 -1.300416268698188771e-01 1.827150115218514614e-01
6.401076811334677208e-01 -1.055067541523605212e-01 1.721642523806829750e-01
6.459422846197714341e-01 -8.094495380169142162e-02 1.616207292669641915e-01
6.517675114985769236e-01 -5.635755167476620697e-02 1.510922385373546784e-01
6.575928867278004741e-01 -3.176981211075884798e-02 1.405637004998280537e-01
6.634161641881775040e-01 -7.179924783990845188e-03 1.300462736451341306e-01
6.692376840429353768e-01 1.741673962501355533e-02 1.195529513353027207e-01
6.750600105170617704e-01 4.201705026009558419e-02 1.090612094542854765e-01
6.808629124105790575e-01 6.660965721228787051e-02 9.860469218675857461e-02
6.865887610879501946e-01 9.112762706237470534e-02 8.832111700801760501e-02
6.922940921383893276e-01 1.156131375854259485e-01 7.808294926257136614e-02
6.979760017090765878e-01 1.400553530647849487e-01 6.790052527558781970e-02
7.031333868080698046e-01 1.631198359945353615e-01 5.886655932519036655e-02
7.069795897978007337e-01 1.815067822347278814e-01 5.306910754288450549e-02
7.106789357884746305e-01 1.992476684706633028e-01 4.763909454032742852e-02
7.142126222639242350e-01 2.162174973344478668e-01 4.259175554553162185e-02
7.172356739465801656e-01 2.305913385222401468e-01 3.869874491572993652e-02
7.200424688832923747e-01 2.438431552824959769e-01 3.528253552534961479e-02
7.223419154593827551e-01 2.546150940346210145e-01 3.289426605457675817e-02
7.245288044944654393e-01 2.648645221327218802e-01 3.071705622920594542e-02
7.263400683582704742e-01 2.735155921878989482e-01 2.919296937999369193e-02
7.277173347102589007e-01 2.803135899677357545e-01 2.834815557871969358e-02
7.290193123277963760e-01 2.867312304373181298e-01 2.764474985719753489e-02
7.300223884373540084e-01 2.918871308549895183e-01 2.733958603632326290e-02
7.307051198240004375e-01 2.957338050921024530e-01 2.739867682936845267e-02
7.313194006880668896e-01 2.992525065123339822e-01 2.752948377449543349e-02
7.316566210205424081e-01 3.015077388011150883e-01 2.787872079024623223e-02
7.319835521563700098e-01 3.037139656682339428e-01 2.823470071407961635e-02
7.320803454514264175e-01 3.047601602081060901e-01 2.856526931375725359e-02
7.321676549904735376e-01 3.057296321277315210e-01 2.888662151599361363e-02
7.321790398077524520e-01 3.061516275250800168e-01 2.912688449052495618e-02
7.321898154144973470e-01 3.065614957903479709e-01 2.936525765463374182e-02
7.322004563043601477e-01 3.069711499985621761e-01 2.960328884579061653e-02
7.322085122705859206e-01 3.073799850518647570e-01 2.984247642528967473e-02
7.322158315127919037e-01 3.077873286456412338e-01 3.008191349604148745e-02
7.322223221704753371e-01 3.081953591231017531e-01 3.032128698444168727e-02
