4.220914727327546023e-01 -6.604921872461722021e-02 4.262800370967214647e-01
4.227877052673362224e-01 -6.535183587505992431e-02 4.258325581836008289e-01
4.267530946070112186e-01 -6.138441858963041703e-02 4.232671508673156446e-01
4.357426473827376578e-01 -5.239728538168493543e-02 4.173708726657169299e-01
4.484894273184489855e-01 -3.965935807376398670e-02 4.088015822169120406e-01
4.640537735791788743e-01 -2.412160644141858948e-02 3.978986648604864174e-01
4.817923469905525669e-01 -6.484830744361156502e-03 3.846021360885528706e-01
4.986652978804133607e-01 1.011640050240607096e-02 3.706148791327307790e-01
5.153973275452226055e-01 2.621031288705278142e-02 3.547117020051460123e-01
5.299941314403792125e-01 3.973099829450184306e-02 3.383116069580221486e-01
5.433159957490246716e-01 5.145162610296875189e-02 3.205055880913532107e-01
5.562538922897808380e-01 6.220534836459652717e-02 3.001510570475235395e-01
5.680046459560790240e-01 7.158843360791444788e-02 2.792030029450007778e-01
5.801594544499245609e-01 8.122920643365309779e-02 2.558283516693716231e-01
5.918860146125245469e-01 9.075330004142903584e-02 2.326788339711796660e-01
6.039376515845786830e-01 1.008752599123521471e-01 2.092009529695225134e-01
6.170384762641518694e-01 1.121597728173839986e-01 1.848493489540564694e-01
6.299349257019325465e-01 1.234381945160078209e-01 1.625372778191382372e-01
6.431059532464631356e-01 1.349549369073808625e-01 1.416132594473960560e-01
6.569860217776406497e-01 1.470762717629312821e-01 1.215945925163629676e-01
6.698969263554764852e-01 1.584454595534906529e-01 1.046883830390852033e-01
6.828239557613079436e-01 1.700227009822793400e-01 8.937714682761009610e-02
6.941598428720862080e-01 1.806082010944264349e-01 7.714625011144400635e-02
7.043574129531351424e-01 1.906725097656611079e-01 6.712314488947521141e-02
7.136987649279639134e-01 2.006153226621064933e-01 5.878137379897020037e-02
7.212586574643976567e-01 2.094230021402123387e-01 5.266162289176803957e-02
7.278401321241588784e-01 2.179630024991391080e-01 4.783466328923130506e-02
7.329216835617432535e-01 2.254491909545800754e-01 4.445853341925005281e-02
7.369872686874181511e-01 2.323770153774920855e-01 4.200559751250886736e-02
7.403308209493241199e-01 2.392025303777034484e-01 4.018397412819244702e-02
7.427796619681178436e-01 2.454264399776856509e-01 3.897621436898792563e-02
7.447030682806471402e-01 2.518029897708323750e-01 3.807329861063171034e-02
7.460021389619762022e-01 2.579191549049324461e-01 3.738787291811636326e-02
7.468614103206407950e-01 2.639912347842250373e-01 3.676429530237747267e-02
7.474041002346768492e-01 2.704172649354973923e-01 3.608719107204169663e-02
7.477460129066945127e-01 2.764834224262534557e-01 3.549496287738718864e-02
7.481254504731480459e-01 2.823114246648595893e-01 3.506926003936516184e-02
7.487964418952993695e-01 2.882203062924766357e-01 3.497555985286830704e-02
7.498597625809358957e-01 2.933496368778612529e-01 3.533842323452636436e-02
7.514632827804414994e-01 2.981783614675888039e-01 3.620163809296991081e-02
7.533574306119222852e-01 3.021338920442838694e-01 3.737553723085994956e-02
7.554524654145586826e-01 3.054008756373721156e-01 3.874283148743958710e-02
7.575410016937845770e-01 3.080660045919657586e-01 4.010194414762280335e-02
7.592899413610879611e-01 3.098986451493161431e-01 4.121286502419122671e-02
7.606912526438260880e-01 3.111633592214106403e-01 4.204400678979064443e-02
7.615820474520370587e-01 3.118573150631298585e-01 4.250525945023370805e-02
7.620859005687521393e-01 3.121928759423189814e-01 4.270133368631740672e-02
7.623134101337629698e-01 3.123100210351827388e-01 4.277193558602886136e-02
7.623809953260908268e-01 3.123653902055383291e-01 4.266501810441122866e-02
7.623810443204139808e-01 3.123306143831386938e-01 4.273290882929532686e-02
