4.075868003419216845e-01 -7.924365620828643930e-02 4.446065071686453596e-01
4.205797020016621146e-01 -6.657362641582516283e-02 4.336798768793590497e-01
4.335764935796228015e-01 -5.390372843108550555e-02 4.227516936341740306e-01
4.465732228429851736e-01 -4.123358149980479309e-02 4.118234359298774683e-01
4.595697004251362294e-01 -2.855874693780622794e-02 4.008893092660987811e-01
4.725663535484458944e-01 -1.588262658808789127e-02 3.899553809851544206e-01
4.856648690642518806e-01 -3.124111072502124258e-03 3.786895950150371282e-01
4.991165595973456881e-01 9.747803922440822708e-03 3.660534438322936568e-01
5.125910508127821119e-01 2.263249358631310229e-02 3.533362843910058393e-01
5.259505536383612956e-01 3.446710566948816418e-02 3.345758185701071530e-01
5.390842364414446530e-01 4.572714838362572365e-02 3.139393952634011442e-01
5.522176697939067402e-01 5.698613658325593634e-02 2.933010693298266913e-01
5.653147931482024324e-01 6.823296034463889603e-02 2.726386279416897485e-01
5.784104990000870083e-01 7.948078643384035025e-02 2.519765312885126063e-01
5.915034894157147338e-01 9.072867486532891490e-02 2.313160258536685610e-01
6.045970095480864837e-01 1.019771335369698551e-01 2.106567026520813068e-01
6.176919809977603482e-01 1.132243799073817114e-01 1.899984827600096904e-01
6.307844717087828235e-01 1.244707067372240877e-01 1.693402776335368731e-01
6.438784184673633781e-01 1.357145238310467905e-01 1.486898619884418904e-01
6.569656241882677605e-01 1.469569464221710253e-01 1.280459894843957724e-01
6.700283961939552668e-01 1.582019517888108850e-01 1.075083707885789441e-01
6.823002094877282930e-01 1.692655154894543157e-01 9.101486933382903211e-02
6.933103475383373127e-01 1.798903458810191813e-01 7.868577954054074841e-02
7.039129618747910211e-01 1.903340853237472652e-01 6.742072948660943199e-02
7.124500773047987012e-01 1.997404814422625574e-01 5.993585824219424540e-02
7.207860903934029118e-01 2.090692889845275626e-01 5.276250861555219912e-02
7.269455460777214384e-01 2.172872913085474589e-01 4.832660279700237010e-02
7.328992201444312071e-01 2.253840497326374259e-01 4.412255587637154558e-02
7.361869186400480380e-01 2.323555493669257621e-01 4.215857211332470211e-02
7.394436271325584009e-01 2.393116058430402870e-01 4.020951307909298444e-02
7.425370329774740874e-01 2.461987199451829422e-01 3.838579717620410614e-02
7.437659980729357523e-01 2.522229559412961231e-01 3.789260458733494097e-02
7.449552476697942627e-01 2.582251070948436977e-01 3.743969164857640503e-02
7.461194737174022817e-01 2.642178563011812753e-01 3.701092829011131541e-02
7.471981241747324143e-01 2.701299841114129241e-01 3.673598520863399775e-02
7.482718329251467626e-01 2.760365647383231646e-01 3.647056766233974096e-02
7.493367214055561831e-01 2.819289630144438674e-01 3.623026888025375480e-02
7.503994202849801898e-01 2.878049551533788941e-01 3.600223013816081924e-02
7.514730886173723867e-01 2.935392430128275776e-01 3.587175395178001519e-02
7.528892402697111574e-01 2.975500127751937729e-01 3.670940014966256326e-02
7.543170539392881624e-01 3.015163011866522358e-01 3.756030519742000612e-02
7.557859936993190919e-01 3.047059151907011709e-01 3.857696365585649989e-02
7.572425354136633757e-01 3.076288242913329252e-01 3.959157360458703118e-02
7.583146611285102034e-01 3.087990301741825871e-01 4.026606164770738655e-02
7.592868869699751500e-01 3.097507216398512342e-01 4.087316357888286927e-02
7.602535773951479836e-01 3.106923700952141099e-01 4.146926588212447584e-02
7.611103814155079084e-01 3.114870564591616375e-01 4.199887757670963534e-02
7.619658113334950578e-01 3.122768267689610133e-01 4.252658076844329643e-02
7.628197765593729418e-01 3.130676367983867281e-01 4.305217806256930041e-02
7.636742264713460848e-01 3.138587283101694214e-01 4.357690321373765274e-02
