3.108677950995817341e+01 4.806335031972790262e+01
2.995020102411170981e+01 4.636800335765296666e+01
2.881362258442545610e+01 4.467265692205458549e+01
2.767704284817619964e+01 4.297730660526153201e+01
2.654045609058896105e+01 4.128195460078121926e+01
2.540386321008150716e+01 3.958658893118624889e+01
2.426726229071396190e+01 3.789120773012884769e+01
2.313065888355267319e+01 3.619581608456237376e+01
2.199405036226884746e+01 3.450041471342544952e+01
2.085744143987390231e+01 3.280500531596875646e+01
1.972083875737578396e+01 3.110959594868209166e+01
1.858423802445375017e+01 2.941418759618234446e+01
1.744764764271810620e+01 2.771878710389949418e+01
1.631107035691938734e+01 2.602340611860083541e+01
1.521219351702065481e+01 2.436094740356575983e+01
1.418737560738819958e+01 2.278017167198287396e+01
1.319575968216862272e+01 2.124036671254831887e+01
1.236594344426122305e+01 1.992288544088640023e+01
1.175838042044217957e+01 1.894148151780734324e+01
1.121086392283442024e+01 1.805969873915010027e+01
1.066540657053259622e+01 1.718161276463232312e+01
1.012002095901817533e+01 1.630364910843978521e+01
9.574659719710851391e+00 1.542577543381889704e+01
9.029298724689937217e+00 1.454790545696936377e+01
8.483947565857450357e+00 1.367004706706622841e+01
7.938606154150019911e+00 1.279221003242934351e+01
7.393276899330554208e+00 1.191444795509039878e+01
6.874333338915503688e+00 1.109919717246403259e+01
6.355420787823832462e+00 1.028399732677267586e+01
5.836574239765885963e+00 9.468941092060001452e+00
5.474170011847117934e+00 8.883797242164181540e+00
5.111980391532117807e+00 8.298872569192534243e+00
4.749792525479773708e+00 7.713954152323269753e+00
4.387615006941600448e+00 7.129033879771991877e+00
4.025438080435243648e+00 6.544115768765686347e+00
3.663261632776587895e+00 5.959197116540240202e+00
3.301088251319034050e+00 5.374279292888283877e+00
2.938918091759833651e+00 4.789362285434547672e+00
2.576750111505031970e+00 4.204443601300020816e+00
2.214581978521441119e+00 3.619524705758339955e+00
1.852418267256703333e+00 3.034619381859330556e+00
1.646624926670114064e+00 2.698612425508418511e+00
1.440843426775052949e+00 2.362620922840887427e+00
1.235072525073841909e+00 2.026639120645528092e+00
1.029305857685890446e+00 1.690663377741767892e+00
8.235408266883530448e-01 1.354685288136848520e+00
6.177852888112308483e-01 1.018707620103478817e+00
4.120379603048096584e-01 6.827434626189357036e-01
2.062913659090456764e-01 3.467795079678462344e-01
5.456038102341573010e-04 1.081427540340416590e-02
