2.605764131436344400e+01 4.315436750281948264e+01
2.994822890085365330e+01 4.284408498152557598e+01
2.836754767093947649e+01 4.268294386931130191e+01
2.734921134763014905e+01 4.356663815330936984e+01
2.664172206973354307e+01 4.250098802840273748e+01
2.601579112993729836e+01 4.056620875948114957e+01
2.503099933594317505e+01 3.819090053913287619e+01
2.399192593780718141e+01 3.634850614113315714e+01
2.279234170554525107e+01 3.538424422951901249e+01
1.989597242577870873e+01 3.289389025047385218e+01
1.820121211643358450e+01 3.126045549650644517e+01
1.755796376627440836e+01 2.990188467354432333e+01
1.631247695513406626e+01 2.686238484251177283e+01
1.631809059271132512e+01 2.559729712075562347e+01
1.582546561029348986e+01 2.355933627491875981e+01
1.489065090765665111e+01 2.242185087845664171e+01
1.321669586204997415e+01 2.102062180377647849e+01
1.263544734855585361e+01 1.974086697354531950e+01
1.132408252106833579e+01 1.900208959755541827e+01
1.153128855268110264e+01 1.777500296540605262e+01
1.028035068687302633e+01 1.734761133112129272e+01
1.015701115525760301e+01 1.602928217804275945e+01
8.922867852935389976e+00 1.641584366825411578e+01
9.532207294715890455e+00 1.510299585937371170e+01
9.531614289535992768e+00 1.343893642194150573e+01
8.492193134368292817e+00 1.269449569829986402e+01
6.511794341542807452e+00 1.089529915888295974e+01
6.200292101418794388e+00 1.190055047436644386e+01
5.528288857014961089e+00 1.045997232304400271e+01
4.772490492101876924e+00 8.127897459740538011e+00
3.891983303217782630e+00 6.537783042834531599e+00
5.181119844826167053e+00 8.052081712486421239e+00
6.532365057799988328e+00 1.003319025806799125e+01
4.517531632984534973e+00 6.923705745483570873e+00
4.029008943878507942e+00 7.739648702755383525e+00
2.926750612118230510e+00 6.821139939405263419e+00
3.159541567781107396e+00 5.521639377502551405e+00
4.299836354952983442e+00 6.214057196046501197e+00
2.774012989213416436e+00 4.737455957865733147e+00
2.212202749848033001e+00 3.349968875808624347e+00
1.003161694208748456e+00 2.268559485642692053e+00
2.081794844885764828e+00 1.685425306451408867e+00
8.156755199846892346e-01 1.040643347684480080e+00
2.388323959390464601e+00 2.364557299219061992e+00
1.253670236548822592e+00 2.697893495154545018e+00
9.663481522698085247e-01 1.382734037821456097e+00
-2.332361733382621594e-01 5.663861192913439702e-01
1.141619378117850303e+00 3.082877983651576281e-01
6.658903417292336702e-01 -8.618773762587136344e-01
-4.738463823625452265e-01 -2.106485288176291326e-01
