-3.958583824474815316e+01 3.887894827609194692e+01
-3.781014673898394562e+01 3.887894827609191850e+01
-3.569847534861641947e+01 3.887894827609186166e+01
-3.314491242882762378e+01 3.887894827609186166e+01
-3.041865567653380964e+01 3.887894827609186166e+01
-2.746678939552302978e+01 3.887894827609186166e+01
-2.418739135440698362e+01 3.887894827609186166e+01
-2.100659567154662000e+01 3.887894827609186166e+01
-1.772503159418256757e+01 3.887894827609186166e+01
-1.479891481208395021e+01 3.887894827609186166e+01
-1.197818011468271493e+01 3.887894827609186166e+01
-8.879383905154170975e+00 3.887892683082307599e+01
-6.004864214807184908e+00 3.881593732530056684e+01
-3.561490141247602992e+00 3.835540062883053736e+01
-2.175276066923942153e+00 3.721127920948146084e+01
-2.124553782486501063e+00 3.540357583344655268e+01
-3.520991291279841562e+00 3.311749760889813388e+01
-5.817712426221859801e+00 3.082314443316555241e+01
-8.572437359903801735e+00 2.855879109308202146e+01
-1.162131258091164909e+01 2.634903317318844529e+01
-1.445382770242814274e+01 2.435474658253255598e+01
-1.718836845587419759e+01 2.243657582515893978e+01
-1.974625205848305143e+01 2.054167209325865429e+01
-2.240692876803979061e+01 1.853995235103164418e+01
-2.509649633136852742e+01 1.657259357062230265e+01
-2.747975703690675431e+01 1.481563668319155624e+01
-2.973945850477345942e+01 1.288854357879068857e+01
-3.167032191681752806e+01 1.092120234302862514e+01
-3.334402122122240542e+01 8.865097465447263403e+00
-3.492241126415368058e+01 6.770751988013188338e+00
-3.606715821354836038e+01 5.018123795379509033e+00
-3.659308839689542481e+01 3.451340464684179210e+00
-3.621909730646317627e+01 2.175950498504178654e+00
-3.505407211426825853e+01 1.036986048592268617e+00
-3.325867721627368212e+01 -1.418782153719178041e-02
-3.133890271775690195e+01 -7.020029182573210846e-01
-2.915080740702604345e+01 -1.010650580091805750e+00
-2.653229568795070747e+01 -1.060334952984419488e+00
-2.387784558374093535e+01 -1.060334952984419488e+00
-2.098761202682575799e+01 -1.013046410148248810e+00
-1.821616098027887176e+01 -8.110453931917760428e-01
-1.535347682337179265e+01 -4.461542523366830437e-01
-1.235755722410856094e+01 -1.283432014936778387e-01
-9.624273941839376789e+00 -7.288135195665290667e-03
-6.859835967760247399e+00 -5.684341886080801487e-14
-4.278428529745525566e+00 -5.684341886080801487e-14
-2.072768174073502223e+00 -5.684341886080801487e-14
-7.017603490271824285e-01 -5.684341886080801487e-14
-1.914665203856884546e-01 -9.947598300641402602e-14
0.000000000000000000e+00 0.000000000000000000e+00
