-4.050534844396047163e+01 3.909313817921049861e+01
-3.767768689862983678e+01 3.904647331678066990e+01
-3.485001227018592829e+01 3.899981447766497666e+01
-3.202233789593275759e+01 3.895315242792725741e+01
-2.919466076012611211e+01 3.890648742085809175e+01
-2.636698159436345534e+01 3.885982457188319472e+01
-2.353928966137302936e+01 3.881311121669056519e+01
-2.071159355906451793e+01 3.876640256075826585e+01
-1.788390016705002949e+01 3.871968310015451920e+01
-1.505620369070030584e+01 3.867295829790857198e+01
-1.222851172959470212e+01 3.862622076904935398e+01
-9.400830637838829773e+00 3.857944467610685280e+01
-6.573282520472480961e+00 3.853256187381403919e+01
-4.472966097522225404e+00 3.788918297332021723e+01
-3.463643326361153907e+00 3.661687994368814714e+01
-3.408289778045254348e+00 3.496207851989096582e+01
-4.763301812153221348e+00 3.297706071628064706e+01
-7.207094171691467821e+00 3.094811768866388491e+01
-9.650974222739646891e+00 2.891917990297217855e+01
-1.209500118095796672e+01 2.689029167416684274e+01
-1.453903438781849999e+01 2.486140677646687180e+01
-1.698304150425320103e+01 2.283251270516839071e+01
-1.942711695869502009e+01 2.080374434774925874e+01
-2.187116036684862763e+01 1.877506277096494358e+01
-2.431519553331599326e+01 1.674639156686252051e+01
-2.675923051356108573e+01 1.471772153637954439e+01
-2.920324167356821832e+01 1.268905091252991646e+01
-3.163207435510424403e+01 1.066222165788502352e+01
-3.335985005422097061e+01 8.727675244090303153e+00
-3.481812893190581804e+01 6.838059809337974748e+00
-3.586845297959359868e+01 5.036545676989491405e+00
-3.622422170373049255e+01 3.416310190093414967e+00
-3.577944628519902892e+01 2.042053742243578718e+00
-3.466462751920064278e+01 9.187375985091543740e-01
-3.305083169001933641e+01 4.661287591286767534e-02
-3.106891937133296722e+01 -5.661731056669482287e-01
-2.867091228425977789e+01 -7.754180545512608935e-01
-2.607580600527693093e+01 -7.150505814249070724e-01
-2.348064425754314399e+01 -6.545701000199939390e-01
-2.088548338164573437e+01 -5.940458022772117097e-01
-1.829032271842016399e+01 -5.335070247365698570e-01
-1.569517814909994335e+01 -4.729524557135221796e-01
-1.310005504492683848e+01 -4.123791145117344237e-01
-1.050493728366285850e+01 -3.518073539686422113e-01
-7.909906299736346291e+00 -2.912316094217606288e-01
-5.715579600116301506e+00 -2.202770059546992898e-01
-3.799874515832752042e+00 -1.493624873443048229e-01
-1.884173008471033528e+00 -7.845029030490842381e-02
3.152815870483472588e-02 -7.541310819243753419e-03
1.947226709047236382e+00 6.336642058072654293e-02
