4.191450044495595995e-01 -5.461197725367545469e-02 4.206082038524370792e-01
4.337951881609486970e-01 -6.167107100585184076e-02 4.263401691954841199e-01
4.254684814445981456e-01 -5.638288682464909912e-02 4.211418864983163535e-01
4.309375916500091663e-01 -5.771963613724018227e-02 4.205208075927674427e-01
4.296372523336323135e-01 -5.318557145612940601e-02 4.162971604429575034e-01
4.347429304625799462e-01 -5.148736101390907066e-02 4.111514473920903634e-01
4.389562026100629621e-01 -4.635945341125780744e-02 4.033902466687022126e-01
4.457058783919130018e-01 -4.055933347431935065e-02 3.943300049322553402e-01
4.534279137584827368e-01 -3.305222683870698980e-02 3.838224590651833079e-01
4.628971716289341787e-01 -2.417801916400901321e-02 3.703842763662137383e-01
4.727563121310862648e-01 -1.599250553711362849e-02 3.551549015116961527e-01
4.849348719060479485e-01 -6.078727009475398679e-03 3.368055427365791443e-01
4.966813829833838789e-01 5.383883538845591309e-03 3.194405290959612675e-01
5.102731536189596406e-01 1.851088849052095683e-02 2.996749594311625686e-01
5.242243021465312625e-01 3.208201958251431785e-02 2.795094253430603914e-01
5.384013951673789489e-01 4.571873207398115257e-02 2.594212427756696915e-01
5.537072746627444975e-01 6.060602326097364739e-02 2.375563401122768037e-01
5.683252906606364174e-01 7.477923995328775164e-02 2.172361031091742112e-01
5.830351858392741615e-01 8.911946262414577324e-02 1.969181168403392468e-01
5.983676599578956479e-01 1.041960403603363755e-01 1.757730682957017732e-01
6.124581953918365462e-01 1.181374688216084295e-01 1.564336634372655577e-01
6.268856314186976864e-01 1.323900391243906793e-01 1.368285681535672538e-01
6.399014966562989182e-01 1.468066741627999938e-01 1.208265550498003049e-01
6.527097549611344807e-01 1.606929460234207963e-01 1.052008248072229674e-01
6.653400808211676898e-01 1.742525771938914225e-01 9.017286243242397803e-02
6.765801825192477859e-01 1.866572859988579747e-01 7.805411410025009378e-02
6.875742690252528710e-01 1.990378234699557991e-01 6.650358452238772089e-02
6.967464236194864657e-01 2.101706127305607574e-01 5.658238279804874565e-02
7.052070716734147870e-01 2.205622802192764575e-01 4.825649967142643659e-02
7.132256444571173359e-01 2.308799950739323370e-01 4.146095875204681980e-02
7.212958601276741044e-01 2.403781652162520488e-01 3.678367925676934852e-02
7.274644545174194787e-01 2.498080174806003584e-01 3.234380535681451174e-02
7.319912754367937646e-01 2.587076994463386459e-01 3.047648498526098898e-02
7.384320677400009192e-01 2.650918870610284306e-01 2.960498614366202999e-02
7.400655536922822186e-01 2.736551468583988123e-01 2.780635343219608341e-02
7.473293304598533915e-01 2.776501432721321661e-01 2.978325880819038610e-02
7.448133706528592413e-01 2.862970093213893508e-01 2.819939503123632465e-02
7.527855537894168059e-01 2.877802814004047360e-01 3.325494600823809127e-02
7.490614586069525016e-01 2.955976279870080048e-01 3.128408352580670793e-02
7.557757098725537137e-01 2.959432070914926882e-01 3.645209297651194613e-02
7.520693775860298746e-01 3.026135846609410152e-01 3.522425857994609943e-02
7.549274373076948486e-01 3.018483818928847096e-01 4.066507586882336239e-02
7.546253161869606041e-01 3.057534477872380640e-01 4.058645525429639689e-02
7.567071085455704393e-01 3.075412777360281846e-01 4.135760359852559687e-02
7.550448751592762076e-01 3.088851959711061412e-01 4.254269038213253501e-02
7.561373400592661387e-01 3.078590665042642560e-01 4.414996012853126400e-02
7.555657226224564704e-01 3.106860971843143360e-01 4.330189981489427492e-02
7.564332885823921160e-01 3.096374561145388560e-01 4.657205014237188190e-02
7.573142695313355155e-01 3.123600452267997207e-01 4.611265996256608962e-02
7.546416272648698298e-01 3.109105284040865613e-01 4.739523870093013264e-02
