4.204868852499499265e-01 -6.315973126223535516e-02 4.314229396371355163e-01
4.235139191094129396e-01 -6.050556663353778147e-02 4.270681150504117563e-01
4.265412978586506920e-01 -5.785077454372877792e-02 4.227135899832800692e-01
4.295677916000811836e-01 -5.519443385468852936e-02 4.183573793105518912e-01
4.325948756875982459e-01 -5.253825278931473219e-02 4.140012565708587888e-01
4.356323587507207051e-01 -4.987699274897170604e-02 4.096312092636619218e-01
4.394352482517516756e-01 -4.649600612658662258e-02 4.040955240015157157e-01
4.464895601363474409e-01 -4.022084421628642492e-02 3.935458727313995708e-01
4.543234174075567733e-01 -3.321242785110847112e-02 3.818075213089405229e-01
4.622873025216686638e-01 -2.609913157634123279e-02 3.698574898799887878e-01
4.735681206192206560e-01 -1.581501968973402644e-02 3.530359885833651012e-01
4.852086798093132036e-01 -5.127545145364608217e-03 3.357331537422415524e-01
4.988482200968777924e-01 7.935778581280909794e-03 3.162059752748190844e-01
5.126021756965291054e-01 2.113848799507447515e-02 2.965931055467949662e-01
5.264411581908906568e-01 3.447607822730685417e-02 2.769380129305896165e-01
5.404717665627013501e-01 4.817877487847310042e-02 2.572761864650230379e-01
5.545032119503654489e-01 6.188266672389243495e-02 2.376144753643319729e-01
5.685538602390639573e-01 7.562996313293718353e-02 2.179764696272678548e-01
5.826127045885021172e-01 8.940378958134428955e-02 1.983593305834698839e-01
5.966760230679351018e-01 1.032057730679790397e-01 1.787724870917825615e-01
6.107361537432501875e-01 1.170118392117645706e-01 1.592030818415995364e-01
6.247915858745628492e-01 1.308266128697206931e-01 1.396554209596476692e-01
6.381778341548014488e-01 1.448441620477572966e-01 1.227296737926062975e-01
6.513578763163793139e-01 1.588614367412018169e-01 1.064629157276205662e-01
6.639157601539918963e-01 1.724963337550972087e-01 9.166279967722507083e-02
6.762298737682540528e-01 1.859912444475555204e-01 7.746154650490665039e-02
6.878388487819551145e-01 1.990361099808546919e-01 6.455263276641853842e-02
6.963761475509582244e-01 2.097847217378617513e-01 5.721037199901048836e-02
7.047889631408617017e-01 2.204354622766491190e-01 5.011336864854898376e-02
7.131439489761174366e-01 2.310497735569625455e-01 4.312769060430993173e-02
7.214580325100843350e-01 2.416357001000581650e-01 3.621129652539981092e-02
7.271822686010438463e-01 2.501039229142955622e-01 3.344175039130312110e-02
7.328195953472569357e-01 2.585036497400995947e-01 3.081676171486371837e-02
7.377545850487298162e-01 2.662518476797240963e-01 2.918224192905662442e-02
7.412391899783868920e-01 2.726260888379395397e-01 2.932373611723049223e-02
7.446091408408579415e-01 2.788903698671845177e-01 2.959289334744007183e-02
7.478250272297157775e-01 2.849749496881199828e-01 3.002511046203489020e-02
7.498111436297308918e-01 2.894932214506782953e-01 3.143007462692486847e-02
7.513528046084513301e-01 2.934124287908576600e-01 3.308920307710596503e-02
7.528312711053767314e-01 2.972223722740208185e-01 3.477821844104427712e-02
7.537781917263803866e-01 3.001749395931370135e-01 3.654560687255086621e-02
7.545945543066386874e-01 3.028659081719575763e-01 3.829636617219935729e-02
7.550288519370501605e-01 3.047255614025545234e-01 3.982024307502067539e-02
7.553851244225966433e-01 3.063893737319337007e-01 4.126277214181612446e-02
7.556653304099286705e-01 3.078268630459087829e-01 4.258921101275820603e-02
7.557605312099473505e-01 3.086888058259282808e-01 4.354652742227771434e-02
7.558546282667287786e-01 3.095490159259691731e-01 4.450326249292615999e-02
7.559483203762076275e-01 3.104094609783420444e-01 4.545952212056827285e-02
7.560420135253784757e-01 3.112701038404702691e-01 4.641580354501141648e-02
7.561356788430525500e-01 3.121306848941226564e-01 4.737207036859666237e-02
