2.819004144990074678e+00 3.030429455864356214e+01
3.110881223158031617e+00 3.100379202602151452e+01
3.155844636312281182e+00 3.139864104670188283e+01
2.934868472646513737e+00 3.183480464879654903e+01
2.183573046534675655e+00 3.236645054328923266e+01
9.080386260992128200e-01 3.296734007786453446e+01
-7.060800989783331261e-01 3.350962465406395552e+01
-2.325182663757772161e+00 3.390274973603087005e+01
-4.322621029916220436e+00 3.427198619374625821e+01
-6.544357278405243505e+00 3.450661415797266329e+01
-9.104816518789860424e+00 3.468028803228189361e+01
-1.180988489474570713e+01 3.482702585225365510e+01
-1.422569785265484654e+01 3.479932532644006926e+01
-1.683629509452474338e+01 3.442761215600577884e+01
-1.950546844626990151e+01 3.373966175834732439e+01
-2.239817138502374405e+01 3.280301789328120776e+01
-2.544879007346035849e+01 3.165439501788161181e+01
-2.791542261765151522e+01 3.046194746570002110e+01
-2.980884594436693646e+01 2.913253653443041458e+01
-3.145716561751919471e+01 2.750615697198843179e+01
-3.285143529707330856e+01 2.566584726075252831e+01
-3.417625859440664726e+01 2.351830635896897093e+01
-3.517200185162745640e+01 2.148214581675360080e+01
-3.584455227801223032e+01 1.948674064973099007e+01
-3.621935667084129307e+01 1.741879585219568582e+01
-3.629466747838786489e+01 1.557435579125758807e+01
-3.628912937603794830e+01 1.350604430191957306e+01
-3.612412919687579915e+01 1.124735731474787315e+01
-3.554148723448722080e+01 8.847998150032481135e+00
-3.447303366187864526e+01 6.704498701141858419e+00
-3.324453052308430756e+01 5.033109768798354366e+00
-3.192208843047319533e+01 3.465217214450206029e+00
-3.071649296287976938e+01 2.050350754161271993e+00
-2.944181888518671997e+01 9.006498747381641579e-01
-2.777475916891168595e+01 -1.740202681867231149e-02
-2.553227100619635337e+01 -6.101659236214800330e-01
-2.266831295663938306e+01 -9.028348182749681428e-01
-1.944528937846992278e+01 -1.034193189181806360e+00
-1.649192481635577678e+01 -1.057126554371251359e+00
-1.359720911521641540e+01 -1.057126554371251359e+00
-1.110327094709327866e+01 -1.053596976152022080e+00
-8.858438812034606258e+00 -9.285989525134397127e-01
-6.749206283167964671e+00 -5.854625366440444623e-01
-4.907133200710418919e+00 -2.118049514376991738e-01
-3.106262059944924658e+00 -2.917213884224167941e-02
-1.680401049573816863e+00 9.947598300641402602e-14
-7.611216362792703194e-01 9.947598300641402602e-14
-2.752750103812644511e-01 9.947598300641402602e-14
-8.603673024070701558e-02 4.263256414560601115e-14
0.000000000000000000e+00 0.000000000000000000e+00
