4.714344332677494087e+00 3.057536298189819846e+01
3.889483189101780702e+00 3.107265397410941432e+01
3.064621491443797918e+00 3.156994575557831340e+01
2.239759168729771321e+00 3.206723728279006735e+01
1.414877600194685892e+00 3.256453309066754542e+01
5.897844550270122665e-01 3.306182800438129021e+01
-8.513380137500163869e-01 3.353558280246978285e+01
-2.591819616799956538e+00 3.395989989785951479e+01
-4.639623000494562888e+00 3.428778209591154535e+01
-6.969528500686338113e+00 3.446959521060777831e+01
-9.402132984028629181e+00 3.456870269153177588e+01
-1.185528329945722170e+01 3.464285266012807796e+01
-1.438904351011746385e+01 3.455991805581935949e+01
-1.701710066708545455e+01 3.414050673422044468e+01
-1.966446400958802343e+01 3.342617992577636699e+01
-2.228955334898445528e+01 3.256716457406682963e+01
-2.489663142885931180e+01 3.166317478239714234e+01
-2.737983302628567017e+01 3.057850974161656410e+01
-2.954607070631287513e+01 2.918028787719635631e+01
-3.132325577731333155e+01 2.749659582008876413e+01
-3.278243622117942380e+01 2.563410080589241957e+01
-3.401841170755921695e+01 2.367800469033797839e+01
-3.502876152287586109e+01 2.165463998971793913e+01
-3.575291478769476328e+01 1.957370902288465331e+01
-3.615364068217119353e+01 1.745234814919830413e+01
-3.625833904980934363e+01 1.531156332047721769e+01
-3.619188794569468115e+01 1.316982998994805598e+01
-3.592069586807514270e+01 1.104669060963592919e+01
-3.538201269050418318e+01 8.987172262340697770e+00
-3.452733505427341498e+01 7.059445455692711313e+00
-3.338622667568133551e+01 5.305101337126347794e+00
-3.207811534010614452e+01 3.680051122158241483e+00
-3.069967025167377628e+01 2.118110330264456831e+00
-2.908715601138998608e+01 7.858260056248309589e-01
-2.708146460970827007e+01 -1.287791163445375642e-01
-2.464585530685071646e+01 -4.955005626341456026e-01
-2.206193617023637188e+01 -5.815471708354260638e-01
-1.947787101798882148e+01 -6.670845008609687099e-01
-1.689380880871609847e+01 -7.526113998932747462e-01
-1.430975454165594662e+01 -8.381134728481084428e-01
-1.172570152839925584e+01 -9.236147560879131024e-01
-9.288432856856536191e+00 -8.903178432884136795e-01
-7.195960895076626507e+00 -6.964537845450214926e-01
-5.132253024551884479e+00 -4.966115700720304393e-01
-3.157724566331674421e+00 -2.958799371275357415e-01
-2.319041860576706249e+00 -2.126774806804472839e-01
-1.562718903442886553e+00 -1.407870212719045944e-01
-8.064036889221136706e-01 -6.889719488202229736e-02
-5.009278830789472281e-02 2.989687381905203629e-03
7.062163621294460514e-01 7.487895977528558067e-02
