-2.983433753170739777e+01 4.384782332896418211e+01
-2.967791624349558433e+01 4.334884992361603651e+01
-2.952149216510016316e+01 4.284987157182269613e+01
-2.936506835410672522e+01 4.235088946713592861e+01
-2.920863835104546880e+01 4.185187925919107954e+01
-2.900523241024651711e+01 4.040643945554263183e+01
-2.886581946799021026e+01 3.810188376909655261e+01
-2.872641433182927528e+01 3.579731342924280568e+01
-2.858727292951897425e+01 3.349241231867353719e+01
-2.844813682594601900e+01 3.118749840937345397e+01
-2.830904192710562484e+01 2.888256872295057320e+01
-2.817009532366673952e+01 2.657757793990737838e+01
-2.803128202751192433e+01 2.427257423667645497e+01
-2.789247122464334794e+01 2.196757025909090544e+01
-2.775367185225156064e+01 1.966256506783669877e+01
-2.778886429845444539e+01 1.750734309307639336e+01
-2.818475924476251748e+01 1.575901060035157641e+01
-2.858074137999274456e+01 1.401081225026010024e+01
-2.897675607502537787e+01 1.226268376577436392e+01
-2.937277462903562864e+01 1.051456844900772580e+01
-2.976882707098116043e+01 8.766501935891303887e+00
-3.016487851594936487e+01 7.018437824056334762e+00
-3.056093186488233826e+01 5.270404893933012147e+00
-3.095697435170680478e+01 3.522389725675914462e+00
-3.085518631895191177e+01 2.617366337432745826e+00
-3.075320801913769486e+01 1.712422105497306779e+00
-3.065123007707506630e+01 8.074779180693222314e-01
-3.054897845745462703e+01 -9.731492599409262423e-02
-3.044666408476313180e+01 -1.002049270680976933e+00
-3.034401826491077969e+01 -1.906653055672627106e+00
-2.857092004569945942e+01 -2.027694509200676620e+00
-2.679280991968250802e+01 -2.144189861996958602e+00
-2.501260411815200868e+01 -2.257108929913206552e+00
-2.323186413933044392e+01 -2.368525090369151265e+00
-2.143484777401961239e+01 -2.332673287316298083e+00
-1.965250198480356048e+01 -2.178583934825641055e+00
-1.787015472204091893e+01 -2.024436849238853142e+00
-1.608784129092214599e+01 -1.870220162477605585e+00
-1.430555054926152714e+01 -1.715899579175496958e+00
-1.252331134547852365e+01 -1.561536906605055730e+00
-1.074201758711211241e+01 -1.406423065056099375e+00
-8.999211189752820417e+00 -1.232544934666730096e+00
-7.289779244866642749e+00 -1.047212252040613967e+00
-5.704886789691181903e+00 -8.377055726763954491e-01
-4.150505948680365265e+00 -6.244920046209105902e-01
-2.596628563135740642e+00 -4.111914638614833639e-01
-1.042758111651692632e+00 -1.978926655747499652e-01
5.110435000374713432e-01 1.537450176728900886e-02
2.064852111681336755e+00 2.286493145602467025e-01
3.618660968940897060e+00 4.419233014538355708e-01
