-2.534729470672695584e+01 4.552971980083098913e+01
-3.050996853472054937e+01 4.269280709686909603e+01
-3.345013592478687769e+01 4.174963257306239228e+01
-2.701113255435211613e+01 4.405576291927707899e+01
-2.942546966855057633e+01 4.407424509691924897e+01
-3.020141621615496774e+01 4.176457101399809346e+01
-3.106804264874985932e+01 3.720481927955859192e+01
-2.931133184508586709e+01 3.635445637985396417e+01
-2.609653724718718593e+01 3.371111696778226730e+01
-2.414091942430927062e+01 3.445490735363182466e+01
-2.382173797894750678e+01 3.193878354326359670e+01
-2.390537848611084115e+01 2.745010947243656929e+01
-2.472402056107505075e+01 2.345984128173752481e+01
-2.558888484131185237e+01 2.132273827931921772e+01
-2.789278110663532928e+01 1.845966224677429324e+01
-3.083384549826041265e+01 1.567979426052390934e+01
-3.377327070979765722e+01 1.383749978456182639e+01
-3.643819308293218739e+01 1.374969524940696175e+01
-3.235079328970983426e+01 1.315713514651765159e+01
-3.032277386775583139e+01 1.161247008146540161e+01
-2.908089708549449526e+01 8.867734031335487543e+00
-2.857991498512109629e+01 5.484479091262465467e+00
-2.927445961817933195e+01 2.608008383090401061e+00
-3.149315197031185676e+01 1.678909808490766320e+00
-3.316026899003927753e+01 3.465498361409932837e+00
-3.043191174731437343e+01 3.180146935551302789e+00
-3.355124425864946858e+01 4.551527579426712933e+00
-3.473703089525207588e+01 2.764941363515023731e+00
-3.547137501412974814e+01 -6.413239515039860228e-01
-3.348432653165109230e+01 -1.400234534722470503e+00
-2.884302546306910031e+01 -2.435995374006179937e+00
-2.570642332264445074e+01 -2.410328792135858045e+00
-2.855488009432772145e+01 -1.303455059544417427e+00
-2.419194304359572101e+01 -2.426028743145088207e+00
-2.010870737844446765e+01 -3.030929983480768364e+00
-2.100697468827704029e+01 -4.856179893741793485e+00
-1.823851059156198673e+01 -7.157236995814735270e-01
-1.671202130977536982e+01 -1.810628771225797573e+00
-1.366977149224991273e+01 -1.656604502236443732e+00
-1.207471708099617302e+01 -3.457927950047682941e+00
-1.026806680576627784e+01 -1.883436430007501938e+00
-8.477677216189892562e+00 1.154916957893046048e+00
-6.410387233541499974e+00 6.235962974517599289e-01
-5.116136147589278593e+00 -1.813563647356410957e+00
-4.323284516457316151e+00 6.156097861250863224e-01
-2.580629476692254176e+00 -1.083011701080239364e+00
-8.717238538253966329e-01 5.868676845775240292e-01
-1.149302100517027636e+00 -2.182373318730764122e+00
7.090851209295443436e-01 -2.547865962785298977e-01
3.652344281251821645e+00 1.102763280148956859e+00
