5.812384999640436423e-01 -3.198440722134467951e-01 2.849954616411252695e-01
5.831135199468646668e-01 -3.076743537052047395e-01 2.729796830955559250e-01
5.849885537592429685e-01 -2.955034760369829594e-01 2.609640168426600182e-01
5.868638066529197062e-01 -2.833316436510472380e-01 2.489482576872733832e-01
5.887541533805660254e-01 -2.711437987712817521e-01 2.369074483690711275e-01
5.906509720058074064e-01 -2.589283992020433023e-01 2.248463641134451074e-01
5.925488758434804826e-01 -2.467092422824289089e-01 2.127841812935457322e-01
5.967524263615582303e-01 -2.278003764195895842e-01 1.988022097845483227e-01
6.009625506302367359e-01 -2.088679916564994410e-01 1.848187911265271044e-01
6.064074126978946655e-01 -1.856599629580389932e-01 1.715428528473049441e-01
6.118611576258474738e-01 -1.624284970252254934e-01 1.582767940764447379e-01
6.178529210048312459e-01 -1.373203482545802823e-01 1.462165348309027724e-01
6.241368008508827447e-01 -1.114451890339466372e-01 1.348815267802956908e-01
6.304776718413487302e-01 -8.546704974595056847e-02 1.236910992469176657e-01
6.368910402036912499e-01 -5.942399052896486789e-02 1.126531491626212300e-01
6.433325539172044527e-01 -3.336957317439113307e-02 1.016614900033058488e-01
6.500283217751170461e-01 -7.331603197152729810e-03 9.104006918638322954e-02
6.567712959775773296e-01 1.868893665821290059e-02 8.048684389844044940e-02
6.635518646979753354e-01 4.468764572301182902e-02 6.999322304249606941e-02
6.722367035621378273e-01 6.877972460291253975e-02 6.298476320971434228e-02
6.809369348243209386e-01 9.284386543222430954e-02 5.602938400727081047e-02
6.900861827173562224e-01 1.149635594253062970e-01 5.165184122267174605e-02
6.992033761254338176e-01 1.365728145111553826e-01 4.784998605525346560e-02
7.081348125795369208e-01 1.575702465550161413e-01 4.460357709136240911e-02
7.163834633673751284e-01 1.769301722950099298e-01 4.254074252321072419e-02
7.238635560411778025e-01 1.948181824580967059e-01 4.120531901609350567e-02
7.296404630326807084e-01 2.096610245648616311e-01 4.073651761277680833e-02
7.347150939670342717e-01 2.232605487102446717e-01 4.045225076010285775e-02
7.383430475901553436e-01 2.339968641800010685e-01 4.029268207832855525e-02
7.402194745475411120e-01 2.407256652564785382e-01 4.016013314184447430e-02
7.420478733112130243e-01 2.473007481030995991e-01 4.003838987236388314e-02
7.438648936385220400e-01 2.538157619184938096e-01 3.992440736359716136e-02
7.456784053214170482e-01 2.602969914208944080e-01 3.981938666403335436e-02
7.474531180520143092e-01 2.663269435943791397e-01 3.988715156828458869e-02
7.491901096442046271e-01 2.714691821289349494e-01 4.042900518579754798e-02
7.509115647830169049e-01 2.764001075101227278e-01 4.109782797310255337e-02
7.526106476848639648e-01 2.811919777819500421e-01 4.185291556284147924e-02
7.541778040758032597e-01 2.855909708235883082e-01 4.281494290924991314e-02
7.557178990122854767e-01 2.899454626299308724e-01 4.379758318282826746e-02
7.572091089421140175e-01 2.942114207639873746e-01 4.480705729370418333e-02
7.585963026344186844e-01 2.983386564985012757e-01 4.582660692985545542e-02
7.598939880740313013e-01 3.023504414431288367e-01 4.683566910706236236e-02
7.606276082530668559e-01 3.055498735398278765e-01 4.765158276801547549e-02
7.605811940198989873e-01 3.073215878914833388e-01 4.795760257727769982e-02
7.604805742027229698e-01 3.089756010973271350e-01 4.821722011627709026e-02
7.602977662590312269e-01 3.103997285737145617e-01 4.839426396665964802e-02
7.601107360847034755e-01 3.117934415385378855e-01 4.856290766574387907e-02
7.599236841029521905e-01 3.131838478167419670e-01 4.873039504762743251e-02
7.597363991030473551e-01 3.145744165954151295e-01 4.889816186402846238e-02
7.595495117315823608e-01 3.159652987695025228e-01 4.906529826932116284e-02
