5.863527175855017814e-01 -2.989171042521308053e-01 2.657211913931054603e-01
5.862420522879766560e-01 -2.984790969179627607e-01 2.652782444940328666e-01
5.857701313651871855e-01 -2.959209559230101538e-01 2.626618956357069101e-01
5.851652637495742271e-01 -2.897306940389650087e-01 2.562757507392282585e-01
5.851592410848316383e-01 -2.802465095869198231e-01 2.464985542395717599e-01
5.864045422775739924e-01 -2.675330468297997810e-01 2.335999826613605335e-01
5.895503880339661995e-01 -2.512340207210136400e-01 2.177335195634448883e-01
5.943300539285170103e-01 -2.333677854170166377e-01 2.015689615603465656e-01
6.007963078585553118e-01 -2.124773120560956019e-01 1.847016671404196064e-01
6.076154448869925950e-01 -1.906924636859357314e-01 1.695624183049568023e-01
6.143713803686973174e-01 -1.671797699136256810e-01 1.557797874932213833e-01
6.207795201705076371e-01 -1.407009864167058921e-01 1.428392518922762811e-01
6.260396430343080354e-01 -1.142830086518048793e-01 1.317033020173440649e-01
6.308502705468801430e-01 -8.560813734327281377e-02 1.208694115902628069e-01
6.352261175283456796e-01 -5.807051208885114640e-02 1.107317050010136472e-01
6.399506742443777929e-01 -3.084946660391637771e-02 1.008164853350507761e-01
6.458462843347343441e-01 -3.135018113812957155e-03 9.015940590967906620e-02
6.527013887204183851e-01 2.221842543613975277e-02 8.009366992019782694e-02
6.608486694068476108e-01 4.653986309745890976e-02 7.045468589896319855e-02
6.706076833927330227e-01 7.111209940961650544e-02 6.134204586664720321e-02
6.806697616103900561e-01 9.387752034438733018e-02 5.413019819498639251e-02
6.914702704320120352e-01 1.172006261957264928e-01 4.846020947558265374e-02
7.014441041007334343e-01 1.387768652025968275e-01 4.492691083602673441e-02
7.106405098703670875e-01 1.593353402253485374e-01 4.297914966231054096e-02
7.191147378930651257e-01 1.792428636967468014e-01 4.216896783719725067e-02
7.258875998542865249e-01 1.960908571071517115e-01 4.207733592412390283e-02
7.316022328040788780e-01 2.112493588715739501e-01 4.221971589801979535e-02
7.357699306370043546e-01 2.232719784903088311e-01 4.226281251301195613e-02
7.388199079355203258e-01 2.331838997629361310e-01 4.203516315595649810e-02
7.410318265594997289e-01 2.417528819951915708e-01 4.146024337225669848e-02
7.424683988941227497e-01 2.486255771605389575e-01 4.068090252093171932e-02
7.436174450136731062e-01 2.549474414460247140e-01 3.980932064957120459e-02
7.447291942259054442e-01 2.604261233609597159e-01 3.917140544889238102e-02
7.460790160712940100e-01 2.656903185331899175e-01 3.890122016104306801e-02
7.478958620629760912e-01 2.709412632837154278e-01 3.912766422702330243e-02
7.499665704758390339e-01 2.758627256912756787e-01 3.982406408037708623e-02
7.522265550998862293e-01 2.807546884301492796e-01 4.089097389506343716e-02
7.545429193262385148e-01 2.856720435074593945e-01 4.227622627768880953e-02
7.565448322784888990e-01 2.900891645588227208e-01 4.366302786905958827e-02
7.582714672029656766e-01 2.946395106442003531e-01 4.505811747090055636e-02
7.594912833937956798e-01 2.985197558469298573e-01 4.623952397154536265e-02
7.602935329807393172e-01 3.020527736822833931e-01 4.719897579069619320e-02
7.607208932371839483e-01 3.053034812511722373e-01 4.794444044828032742e-02
7.607890304967133144e-01 3.079143691059928467e-01 4.840800036284245017e-02
7.606032409422860407e-01 3.101248921351092425e-01 4.869133271245449507e-02
7.603374765513487565e-01 3.117110064970383676e-01 4.874172207037144600e-02
7.599609353743229656e-01 3.128072902466435545e-01 4.890348481766229605e-02
7.597125661629017257e-01 3.134727603465006784e-01 4.856929776298779533e-02
7.595817464736596136e-01 3.137359489567235760e-01 4.878208040786393557e-02
7.595668601747874726e-01 3.137911591915120146e-01 4.874776787691059016e-02
