5.953083891069050892e-01 -3.009845694779595404e-01 2.755823542163235995e-01
5.802492783448418567e-01 -2.994373178454121098e-01 2.642329241770610126e-01
5.910130278628840106e-01 -2.958710462957372389e-01 2.680732562289990795e-01
5.924953424245612554e-01 -2.870093314622353398e-01 2.649585815001328504e-01
5.975612399292670185e-01 -2.698385979088337994e-01 2.571315329551491780e-01
6.007017781910038989e-01 -2.539945383688623770e-01 2.512517372627657286e-01
6.058051077246107141e-01 -2.360716295042732671e-01 2.435613262975244997e-01
6.098581657803258116e-01 -2.186683432123603110e-01 2.374411080928631734e-01
6.140358728643530162e-01 -2.026937086514311037e-01 2.301581137216631989e-01
6.189671757428256704e-01 -1.807008960551630961e-01 2.198510494786135028e-01
6.242650088180021761e-01 -1.613806479522166826e-01 2.101801320406936346e-01
6.267409463141087045e-01 -1.480808606065121824e-01 2.055065607671202610e-01
6.314395452707891598e-01 -1.230080753873242366e-01 1.956649394128339159e-01
6.326072264816183788e-01 -1.093383747678164514e-01 1.905265194987248445e-01
6.344031072494635826e-01 -8.106097377503564128e-02 1.802758629293012838e-01
6.359461022664025798e-01 -6.371575692050374107e-02 1.749256318359010964e-01
6.389105484328051476e-01 -3.797375591674330420e-02 1.672852634552681184e-01
6.397982868283010882e-01 -2.359921553347937156e-02 1.617432454428211763e-01
6.421943504753383491e-01 6.465166678787437121e-04 1.517722817502070165e-01
6.445012881912001168e-01 2.710205518065948380e-02 1.413234797169524992e-01
6.479001861047313238e-01 3.726384836726484573e-02 1.373074396471087588e-01
6.534871312169391322e-01 5.700995417871169285e-02 1.274951378767684440e-01
6.571779285829228989e-01 6.972239185003425987e-02 1.189246351766495707e-01
6.623024340165122315e-01 8.702495372381488514e-02 1.089141842109909164e-01
6.677423228421635049e-01 9.773716733780211940e-02 1.012810307943115967e-01
6.742509558613332121e-01 1.139162314644578955e-01 9.152409788667105472e-02
6.788440269685641626e-01 1.282231437058643508e-01 8.499847028050568076e-02
6.851861761646860227e-01 1.401725689490007087e-01 7.846932095755812520e-02
6.911136550595994299e-01 1.554302858401373499e-01 7.215665248875462179e-02
6.943188667108824985e-01 1.695777600643313676e-01 6.758690724288933527e-02
6.968156510800396219e-01 1.861180593749471035e-01 6.067674127306236370e-02
7.017826037968636355e-01 1.966224052476905348e-01 5.630353173784574672e-02
7.043838687797959741e-01 2.096349176118478541e-01 6.140616574904323582e-02
7.112152211724819262e-01 2.163700847447711240e-01 5.286197097528173849e-02
7.105749189608865368e-01 2.249405250954404356e-01 5.694896260875426802e-02
7.218542317589853319e-01 2.359403665542556816e-01 6.582883177877972558e-02
7.262845136265945190e-01 2.367382052681139271e-01 5.569498171955867410e-02
7.258860038724036512e-01 2.467375006977444163e-01 5.041237295948466923e-02
7.329982111663015942e-01 2.532666471848127321e-01 5.476899613383656718e-02
7.371183062576756040e-01 2.554213924825824433e-01 4.656444075047570103e-02
7.306776753794793633e-01 2.627637427155136707e-01 4.413698589695615182e-02
7.429086404151721279e-01 2.706188375995277062e-01 4.940782328181248656e-02
7.413641030707893709e-01 2.777814487475220306e-01 4.062421579297235269e-02
7.468507097140505424e-01 2.861024398650015566e-01 4.141681313988554436e-02
7.492549808655999399e-01 2.881136902940368283e-01 3.363065756082100205e-02
7.430861959750992840e-01 2.934057042258415571e-01 4.211294865839492613e-02
7.556855689225834283e-01 3.048353892959900779e-01 4.550180110598659594e-02
7.538689314207378533e-01 3.043642083667140175e-01 3.622552165956009068e-02
7.515344995848937115e-01 3.029638975652086952e-01 1.396711791660197946e-02
7.566617111563013198e-01 3.059173926305521207e-01 6.372946023637694746e-02
