5.780300248460250589e-01 -3.323483644727480146e-01 2.830127704507693909e-01
5.828658182193230397e-01 -3.161372765221824310e-01 2.763167298518222070e-01
5.877018680941101803e-01 -2.999255114170030212e-01 2.696208211284723544e-01
5.925388323850218075e-01 -2.837138932002273850e-01 2.629313425782179858e-01
5.973720407619899087e-01 -2.675006655064291472e-01 2.562413808768996826e-01
6.022072498034524157e-01 -2.512841659410576800e-01 2.495493402005916628e-01
6.070230270038641240e-01 -2.350349669392972629e-01 2.428472257151055025e-01
6.111824764208434457e-01 -2.172769740958350182e-01 2.354329293738615381e-01
6.152800063069728820e-01 -1.994015557959396279e-01 2.279840335899779025e-01
6.193367856767336699e-01 -1.814706207465590360e-01 2.205194196955442831e-01
6.228372714624931250e-01 -1.626986158388027126e-01 2.127855973830228287e-01
6.258233688458594290e-01 -1.431999516041221610e-01 2.050027530526948305e-01
6.283948178506549853e-01 -1.231487937214102713e-01 1.972183362834557252e-01
6.309521080216314859e-01 -1.030811065021508127e-01 1.894342177663785876e-01
6.335088187563147066e-01 -8.301330611741263021e-02 1.816495979288598184e-01
6.360655082109882841e-01 -6.294542511699365017e-02 1.738652735442207942e-01
6.386232535959377454e-01 -4.288131678196926283e-02 1.660800377948234152e-01
6.411809037434271774e-01 -2.281825106671054454e-02 1.582950730620689139e-01
6.437365401534514975e-01 -2.759691228810874208e-03 1.505091011708532545e-01
6.463503024917922613e-01 1.720160430591255452e-02 1.426867034725825822e-01
6.492678733199735985e-01 3.645359865565968305e-02 1.346689754736763167e-01
6.525853268113612771e-01 5.485991158205585916e-02 1.265310604442117237e-01
6.577160963452967080e-01 6.974574992257709383e-02 1.184560792476186675e-01
6.628589621455586167e-01 8.460579270075772873e-02 1.103898338925227013e-01
6.680080793142458839e-01 9.945017179077704494e-02 1.023373748326527333e-01
6.731611388394985740e-01 1.142905941901495720e-01 9.429191450795813834e-02
6.783271810173434613e-01 1.289624184450680611e-01 8.656372542624350686e-02
6.834938599652726765e-01 1.435853640397043718e-01 7.891877696353327698e-02
6.884702901668665609e-01 1.576069056223566300e-01 7.292209754530787347e-02
6.933021744835705658e-01 1.713491678533342333e-01 6.752626517223925262e-02
6.980185582562937752e-01 1.848094568667972559e-01 6.260863423821613760e-02
7.022978617632069653e-01 1.956338940249849334e-01 6.055314252504132716e-02
7.065605448018876800e-01 2.061067200455678483e-01 5.870981660594332824e-02
7.107832413895466273e-01 2.154765431571833700e-01 5.731837196660542061e-02
7.149756978742904945e-01 2.238887374245040196e-01 5.609765442907778399e-02
7.190608741788926395e-01 2.313251202743182855e-01 5.477374853448790937e-02
7.230303372964905773e-01 2.384977408724314185e-01 5.337263240323109059e-02
7.268381628932316652e-01 2.454022623265229852e-01 5.186140732824773281e-02
7.305465185623717383e-01 2.521958399967290654e-01 5.031461969119975508e-02
7.337389016350298609e-01 2.585165268970823771e-01 4.864322933992996922e-02
7.367839714772764781e-01 2.647421163483920092e-01 4.697140387454588201e-02
7.397407418341808150e-01 2.709278952911120530e-01 4.533000039700434830e-02
7.426612605348908991e-01 2.771043272548391889e-01 4.370473257187804106e-02
7.452267228012223743e-01 2.829728822827934365e-01 4.235660636431276549e-02
7.472377717648677198e-01 2.880862270676959325e-01 4.149386240215578031e-02
7.492436051176399880e-01 2.931786569660818076e-01 4.064546997666714651e-02
7.512430855623676296e-01 2.982641819133864391e-01 3.979984643459405502e-02
7.532427868716400354e-01 3.033508638676346014e-01 3.895256990567369515e-02
7.552415565362429195e-01 3.084362962712162148e-01 3.810393691495797541e-02
7.572416045719324584e-01 3.135204166039418094e-01 3.725770470126467393e-02
