-4.079150313276475259e+01 8.717363104762407833e-01
-4.230678035577621188e+01 1.241229149998491987e+00
-4.556930117774906108e+01 -2.983770042964751124e+00
-4.129839108931987823e+01 2.118772192318075509e-01
-3.985620775695077356e+01 -2.938033066599941012e+00
-3.588312080154911854e+01 -7.325323810322215579e+00
-3.992274516623047020e+01 -5.782335099065583961e+00
-4.143508654512093869e+01 -9.147351074475272625e+00
-4.217179248453248164e+01 -1.496076371707399666e+01
-3.883876243709117659e+01 -1.510027855894668747e+01
-3.611876417688606722e+01 -1.856551346754562459e+01
-4.013897010289380773e+01 -1.836234785795033986e+01
-4.085876988965805623e+01 -2.208217502507217489e+01
-3.746976585462279985e+01 -2.407123201269218526e+01
-3.992664811765360611e+01 -2.700224172664233180e+01
-3.602766389900693156e+01 -2.787673166180420736e+01
-3.273742500010617107e+01 -2.536751424497148122e+01
-3.164579112412374329e+01 -2.111579766996053209e+01
-3.498687004589238825e+01 -1.954842356491148792e+01
-2.923292407303755525e+01 -2.032289707908312337e+01
-2.741228785904714726e+01 -1.739644414339023015e+01
-2.431477908167434165e+01 -1.038911115319125855e+01
-2.750372028198371055e+01 -1.164230083445556119e+01
-2.775175447217771918e+01 -7.598446773347854233e+00
-2.404850049301765225e+01 -6.836430261519875984e+00
-2.297281630819128040e+01 -2.973876920749550123e+00
-2.050971011579376935e+01 -6.228052843205792222e+00
-1.827513915512676590e+01 -3.135254843845908468e+00
-1.888220862800433508e+01 -8.004463073607295698e+00
-1.553282352258451127e+01 -9.226979857094246285e+00
-1.472075150776745467e+01 -1.329118099784046869e+01
-1.846134075181342737e+01 -1.355437273768680129e+01
-1.801426108718242958e+01 -1.739632380954029500e+01
-1.421974852857722027e+01 -1.835686662730909546e+01
-1.431852011592674501e+01 -2.219909477536150888e+01
-1.264771977407418468e+01 -2.752978923422223545e+01
-1.063992436680867648e+01 -2.442882406130487283e+01
-6.194595372482261553e+00 -2.095616867025914942e+01
-4.442536149683720126e+00 -1.699201688212526662e+01
-5.342522762116495016e+00 -1.267264565054984793e+01
-2.242264386923076724e+00 -1.603431330602984062e+01
-4.193541839204315558e+00 -1.127542755626063453e+01
-9.845520037158687066e-01 -9.928799491029703717e+00
-1.905662843194169120e+00 -6.054878737631358199e+00
1.877999123379842983e+00 -5.684762850794659705e+00
3.361136663038950090e+00 -1.965776077756160367e+00
-4.259734086875630044e-01 -4.608483829107322016e+00
7.371847863970383274e-01 -5.643557475921113786e-01
-7.473589135163701824e-01 3.641702092624611531e+00
-1.673493923044798493e+00 -8.067428679384928136e-01
