-4.089558605881608599e+01 7.818485040287588284e-01
-4.097222805541670709e+01 -4.267113230845151484e-03
-4.104887060477808092e+01 -7.903832714425109707e-01
-4.112551825494879409e+01 -1.576499139236209768e+00
-4.108751675653883950e+01 -3.208790190020465616e+00
-4.094792840335023243e+01 -5.222165299281591899e+00
-4.080829923993915287e+01 -7.235619356523677048e+00
-4.042720798400270610e+01 -9.564009258728001228e+00
-4.004609731096731906e+01 -1.189239071676538373e+01
-3.966493594256073152e+01 -1.422080698752182393e+01
-3.928376413927284716e+01 -1.654922415868174923e+01
-3.890247062944559531e+01 -1.887758586704207531e+01
-3.850677027597919988e+01 -2.119799392653433401e+01
-3.773760275878445469e+01 -2.311727487987421625e+01
-3.626481020454211546e+01 -2.329860565802180616e+01
-3.479190585891867471e+01 -2.347960124444815833e+01
-3.331897140361643750e+01 -2.365785672670042317e+01
-3.203262279663073286e+01 -2.191939758836447183e+01
-3.079167537338961935e+01 -2.004635213048463172e+01
-2.955078260672241797e+01 -1.817314113242172269e+01
-2.830989177640390508e+01 -1.629993358843472961e+01
-2.706900556651475753e+01 -1.442671530584241957e+01
-2.582812148705111355e+01 -1.255349792969929368e+01
-2.458723846982433159e+01 -1.068027986922180794e+01
-2.334635779777110187e+01 -8.807066103524672229e+00
-2.213707832537031095e+01 -7.890027680775456354e+00
-2.092795066924253788e+01 -6.974372052048056325e+00
-1.983105710326201887e+01 -8.490357171758448729e+00
-1.873416164162104280e+01 -1.000634672492184052e+01
-1.763726837772879108e+01 -1.152235670535016254e+01
-1.654038984948005364e+01 -1.303836779733131479e+01
-1.544350966262098268e+01 -1.455438377548677309e+01
-1.434663047970851757e+01 -1.607039692693939514e+01
-1.324971785199919161e+01 -1.758638754205582444e+01
-1.215265859315950081e+01 -1.910220359668074153e+01
-1.051361515060848895e+01 -1.964265598046970140e+01
-8.874491812072978547e+00 -2.018297903170672569e+01
-7.196417281844122549e+00 -1.960845230198432532e+01
-5.923588093098644869e+00 -1.789504989101315857e+01
-4.653502833100729319e+00 -1.617875874427563687e+01
-3.383758203957404564e+00 -1.446224471029831093e+01
-2.541123891415252078e+00 -1.258671647669057414e+01
-1.828306199814075939e+00 -1.069315202575801038e+01
-1.345030049147570850e+00 -8.822054859537761473e+00
-8.617811264633850055e-01 -6.950953992584612884e+00
-3.785716316751023269e-01 -5.079880939695276432e+00
1.041384839198216672e-01 -3.209069776176111777e+00
5.868303056908076298e-01 -1.338248233577574497e+00
1.069521925124015116e+00 5.325715306573197694e-01
1.552203778539492873e+00 2.403393548726174167e+00
