-4.273284706889099027e+01 -3.249855699757890015e+00
-4.228197863308708548e+01 -1.714816151010787992e+00
-4.183110316006803941e+01 -1.797736048552483756e-01
-4.138022764337933523e+01 1.355269522359854095e+00
-4.092934951940188171e+01 2.890316689215170154e+00
-4.047843446526767508e+01 4.425412053072857788e+00
-4.002720776461997332e+01 5.960754858627032249e+00
-3.957536112659962413e+01 7.496366855417949893e+00
-3.912137079565638942e+01 9.033055251345480485e+00
-3.866707702994333573e+01 1.056980268085020747e+01
-3.821266111828970935e+01 1.210651565462046086e+01
-3.775823046830548435e+01 1.364321958513922084e+01
-3.688522942402151727e+01 1.472351045234991140e+01
-3.601138647250692060e+01 1.580277845630821254e+01
-3.513235685484694670e+01 1.687621618610411289e+01
-3.401764368009540362e+01 1.765828636125485573e+01
-3.249041973683439011e+01 1.799243852297909996e+01
-3.092387631232638867e+01 1.827704946092949712e+01
-2.935405569422930228e+01 1.855554194755221786e+01
-2.778421929136813873e+01 1.883401257467787815e+01
-2.621439503601787635e+01 1.911242087169782877e+01
-2.464464762148534049e+01 1.939052421183143693e+01
-2.307493480008545106e+01 1.966848666052409200e+01
-2.150522525056359058e+01 1.994644128788567983e+01
-1.993716763398670366e+01 2.022262652473956379e+01
-1.847851713899984816e+01 2.041426403451889016e+01
-1.701986243744113736e+01 2.060590437182235135e+01
-1.620314705815961176e+01 2.035454875689513798e+01
-1.538658056550762865e+01 2.010310151313868232e+01
-1.457003553595180279e+01 1.985162382810974435e+01
-1.375349336476427808e+01 1.960002373386152641e+01
-1.293928819851419476e+01 1.933917554476988698e+01
-1.213559422877429839e+01 1.901028263563479825e+01
-1.133201280080082185e+01 1.867999728424395300e+01
-1.054025838151024708e+01 1.751325310958477033e+01
-9.748505171638209177e+00 1.634642423649241749e+01
-8.956973082856164226e+00 1.517897659617816331e+01
-8.171798547154892844e+00 1.399825040466228288e+01
-7.386957150295780039e+00 1.281686565289969515e+01
-6.602296130401843932e+00 1.163513768668085291e+01
-5.818762152802098520e+00 1.045213431210869359e+01
-5.035582434440305732e+00 9.268861485532154276e+00
-4.252458025621907112e+00 8.085574894278220626e+00
-3.469351637632519303e+00 6.902279213548258241e+00
-2.856439310661202491e+00 5.791955341448923988e+00
-2.334035233333203951e+00 4.743483509601805537e+00
-1.856344088691971095e+00 3.739689307853415912e+00
-1.378806636293520516e+00 2.736085822261488332e+00
-9.012835914379571101e-01 1.732500346911952427e+00
-4.237569792430824767e-01 7.289108545720504040e-01
