-4.216795045816449061e+01 -2.264076346518585581e+00
-4.441106529848556761e+01 -4.622436162179774044e+00
-4.168198941418740588e+01 -4.538132871237802846e+00
-4.137232898776321832e+01 -1.541100103468943772e+00
-4.034574354666154505e+01 2.048671108980979039e+00
-4.204100207406291645e+01 4.456322262095366304e-01
-4.179133799231146895e+01 6.614163886901308409e+00
-4.107143518712800301e+01 5.636337782404664765e+00
-3.881377855862488246e+01 9.229491948769739551e+00
-3.656119195698261137e+01 9.889875620278994361e+00
-3.757444169966726832e+01 1.133456188199569326e+01
-3.745298002375294999e+01 1.611527092521685489e+01
-3.982594410703077159e+01 1.336894163847074068e+01
-3.889788930872862949e+01 1.762821824703797446e+01
-3.472516131639651604e+01 1.853351209680707257e+01
-3.617262994768632467e+01 1.565752031248337595e+01
-3.336531504759986433e+01 1.881077067456141094e+01
-3.163126314843228570e+01 1.892700293087543884e+01
-2.943650300448501156e+01 1.868673310848516778e+01
-3.007972986916405844e+01 1.559481229099618105e+01
-2.498222767523181531e+01 1.891996595489908728e+01
-2.364824517907362988e+01 2.108206458556755791e+01
-2.810691445488572526e+01 1.998568466062797455e+01
-2.111810821797558901e+01 2.009320729495547297e+01
-1.874377615149273169e+01 1.962968507539694585e+01
-2.263290259216148215e+01 1.983068116238924361e+01
-1.534743129456940203e+01 1.955172414006269577e+01
-2.010188312792110210e+01 1.887192523631272678e+01
-1.800044655300325047e+01 2.098980861395606823e+01
-1.529480576779589818e+01 2.209498247985254693e+01
-1.395418124899593870e+01 2.201133604136926181e+01
-1.181364415339495189e+01 2.132605117044649745e+01
-9.881033690069688902e+00 1.927456742855359195e+01
-1.138963931214448522e+01 1.948026814992345734e+01
-1.019435080197261811e+01 1.731610459225691301e+01
-1.122973535335159490e+01 1.662670393232176380e+01
-1.051421877091935109e+01 1.592753652251460572e+01
-8.097665768066704572e+00 1.259064998129118074e+01
-9.277514674995069655e+00 1.287490255099897674e+01
-8.012495838018441674e+00 1.414754806884838345e+01
-3.864510571691453844e+00 1.297605114311034136e+01
-3.351567542859354099e+00 1.013103982446204476e+01
-2.689882246511583919e+00 7.692921704335386579e+00
-1.696728275087226345e+00 5.712045862947744190e+00
-4.335499994052852912e+00 4.065374634444890667e+00
-2.052799227821754169e+00 3.571221246041986763e+00
-4.663059150328482616e+00 3.343298471099842128e+00
-3.166724704193001894e-01 -1.214224706548415966e+00
8.890644461169031620e-01 -6.842937989893920214e-01
6.114646930274566516e-01 2.032638374813156901e+00
