4.288069750278965531e-01 -4.283149361595574994e-02 4.104189720241070982e-01
4.429581352460902344e-01 -4.873905310030067495e-02 4.181860150410526278e-01
4.463366797101069317e-01 -3.823047058812999860e-02 4.052412952909303367e-01
4.693570356230575835e-01 -2.429129948559749161e-02 3.926654789024864312e-01
4.945529665459982294e-01 -3.776178851830458861e-03 3.731583471866952162e-01
5.207940933385304394e-01 1.766220833755089564e-02 3.496147419903976594e-01
5.489633554624545608e-01 4.073933302675351864e-02 3.282736542059727647e-01
5.690181884647500521e-01 6.207862233643205579e-02 3.067537364221746832e-01
5.874014851898725631e-01 8.171078831198649861e-02 2.872394891614900025e-01
6.032898660711578653e-01 9.813633274322521027e-02 2.709729301400986001e-01
6.144903997654259653e-01 1.107551303021168249e-01 2.527870246336973992e-01
6.248501214567514506e-01 1.240621481960436090e-01 2.353837224303154674e-01
6.356406340385269971e-01 1.376725773732248304e-01 2.199468770348868285e-01
6.463441096086518511e-01 1.446263353583371603e-01 1.985136034141213590e-01
6.596060245846319114e-01 1.534445245180035278e-01 1.819132295156279666e-01
6.669847475431504025e-01 1.667429089087026639e-01 1.625290206819290928e-01
6.778956120962809084e-01 1.753524618418331738e-01 1.425249379205834888e-01
6.873955200730421655e-01 1.854562100137736036e-01 1.256078164125308261e-01
6.946966846093810544e-01 1.961144477786252727e-01 1.079970446881884094e-01
7.009399834894669556e-01 2.052745595606909612e-01 9.171636482080240682e-02
7.074422882813344859e-01 2.134104377511458761e-01 7.846157407133264039e-02
7.115695061871616378e-01 2.204921959906067652e-01 6.691765604440889914e-02
7.108666407860874115e-01 2.290143628637759943e-01 5.679195795708211897e-02
7.203789071572331837e-01 2.313845617099516139e-01 5.139329456432395471e-02
7.149069188133616581e-01 2.360569929416911350e-01 4.298290980689940116e-02
7.209825610604653212e-01 2.440186105761542879e-01 4.559548591989586591e-02
7.257823570252481815e-01 2.388879688193073780e-01 3.904381399917307427e-02
7.214784830406119065e-01 2.474682588300820274e-01 4.138617403448799359e-02
7.275615209887236201e-01 2.460540180908955266e-01 3.636639176309015842e-02
7.280509015227207836e-01 2.501677566653657814e-01 4.469977057908339907e-02
7.324041739421470742e-01 2.500786298992805912e-01 3.708890080928250316e-02
7.360323584443171363e-01 2.566640965992865175e-01 3.947797394600272708e-02
7.306286405158496366e-01 2.632409930286530031e-01 3.987980741774167781e-02
7.391598895689831528e-01 2.644365988358631792e-01 4.347713834502220376e-02
7.426070899218105703e-01 2.691854943825005564e-01 3.731926118697459493e-02
7.383651086679713371e-01 2.769770882029883308e-01 3.931539777168761851e-02
7.442891756155602945e-01 2.792239789378386794e-01 4.192652793603502542e-02
7.475399137918773418e-01 2.820437075039733954e-01 3.187167535122418377e-02
7.410006169838249113e-01 2.865030818558602643e-01 5.189093984923493635e-02
7.485755439093315644e-01 2.869395643465498802e-01 3.568509575090022395e-02
7.499292430809983978e-01 2.913312026525470277e-01 4.292881171160552178e-02
7.471166238921338465e-01 2.969236588134578914e-01 3.788177725557264480e-02
7.506453969890121147e-01 2.988145910814112849e-01 4.516124200012341244e-02
7.563215367287698943e-01 3.002882480176115587e-01 4.038653079719060207e-02
7.509689656081509623e-01 3.054863584406145027e-01 3.697811689239090954e-02
7.559540513750149238e-01 3.064317787849879515e-01 4.357597271779338477e-02
7.579554198378590790e-01 3.139515303655887601e-01 3.867707612329093075e-02
7.587357717154263881e-01 3.097313241627304703e-01 3.345939730244436305e-02
7.273970004078899043e-01 3.392554376901972257e-01 1.101710276003341343e-01
7.838050941323543297e-01 2.860657982539955291e-01 -2.486346020203523272e-02
