4.308733149809512719e-01 -5.446359023527423682e-02 4.231057109851456555e-01
4.492140335567676446e-01 -3.976519780504691320e-02 4.085118819122395273e-01
4.675561369062151140e-01 -2.506502540799248474e-02 3.939188601971970738e-01
4.858986221762056079e-01 -1.036499157360483425e-02 3.793249699622383564e-01
5.048456210530501975e-01 5.581910553857876919e-03 3.634572770321368718e-01
5.239320672346693408e-01 2.345154319871543477e-02 3.454786292118554036e-01
5.430133669907704075e-01 4.132657558593286207e-02 3.274929906930532097e-01
5.620945450860727055e-01 5.920159001925057174e-02 3.095076918159286872e-01
5.811412390987046317e-01 7.707829058091701657e-02 2.915121808564333228e-01
5.998099373179351934e-01 9.483334076019217518e-02 2.734325265238818359e-01
6.142112611368718555e-01 1.098882187620352086e-01 2.548160531317745781e-01
6.260470751193868422e-01 1.225213304283877813e-01 2.361379530673085592e-01
6.369009704702871533e-01 1.339455794855218818e-01 2.175200294633818643e-01
6.473315101887620049e-01 1.448428859363599386e-01 1.989694342677140459e-01
6.572547675113037391e-01 1.552499405667391585e-01 1.805168921455992115e-01
6.671541392288516947e-01 1.656383268478913706e-01 1.620742270880315417e-01
6.770533735934080033e-01 1.760272212558427474e-01 1.436326851690405415e-01
6.866684862486444052e-01 1.862889523496410182e-01 1.253497821771643872e-01
6.944885290495468322e-01 1.959149384851607834e-01 1.084798562859413951e-01
7.007906878457548228e-01 2.049173696056718619e-01 9.321093953617494432e-02
7.060917524584079397e-01 2.133303435829879413e-01 7.935820242630141352e-02
7.108441162761457432e-01 2.213297466810057179e-01 6.648031031431504700e-02
7.139709221764817260e-01 2.273465784650246513e-01 5.769621854777293862e-02
7.167449612426457506e-01 2.326478429205413034e-01 5.030772296040934149e-02
7.188895197272400228e-01 2.361880001193792655e-01 4.635965836188442324e-02
7.209494136259477770e-01 2.394333378157770531e-01 4.309747914828059717e-02
7.229812629680265612e-01 2.420682693183315304e-01 4.188878138843954435e-02
7.250190898208584978e-01 2.447105360558557430e-01 4.081760182846483342e-02
7.271245646750053027e-01 2.475481060960321722e-01 4.013120327822362887e-02
7.292457760184726245e-01 2.505791007240295021e-01 3.966291747652395117e-02
7.312908041366343870e-01 2.542697967506500345e-01 3.965026712763446842e-02
7.332746621079514471e-01 2.581673643109246852e-01 3.972778480076729485e-02
7.352187864436987574e-01 2.621188205771670110e-01 3.982305871679071158e-02
7.371560585700129842e-01 2.660760750393987295e-01 3.992233600741791621e-02
7.390935509288742988e-01 2.700342934191012345e-01 4.002201669708688875e-02
7.410204380970140114e-01 2.739937824044849646e-01 4.012388273302828351e-02
7.429023264752716571e-01 2.779284067309491513e-01 4.022529613916072527e-02
7.442831074729652219e-01 2.813487455611968779e-01 4.031528344341872572e-02
7.456618368348446602e-01 2.847671401282418358e-01 4.040722771476380065e-02
7.470380447553338632e-01 2.881846082583978674e-01 4.049862548698386633e-02
7.484159081010931525e-01 2.915996244020346295e-01 4.058911476590717354e-02
7.497931831254989188e-01 2.950156938384072558e-01 4.068040487857201015e-02
7.511547486297588394e-01 2.983601274523103863e-01 4.070147988315338944e-02
7.524891502941611909e-01 3.015562254059016567e-01 4.056385823325728279e-02
7.538035737077500853e-01 3.046809498905459490e-01 4.037183773527485559e-02
7.551180635105348982e-01 3.078039295666171737e-01 4.017916768696474378e-02
7.564324781124805996e-01 3.109267588582758091e-01 3.998645420671874395e-02
7.577421962463366523e-01 3.140405122054973353e-01 3.979536931273316980e-02
7.590512283548151995e-01 3.171538629275072463e-01 3.960427913726531635e-02
7.603610851779547541e-01 3.202660407576812807e-01 3.941190094289998697e-02
