4.346818820206346246e-01 -4.445783577652131363e-02 4.174047189913024369e-01
4.360461532105435190e-01 -4.211730662677346665e-02 4.162139556321720057e-01
4.431661959723692812e-01 -3.000686776931818511e-02 4.098443201464904706e-01
4.574932707514879349e-01 -6.053742811677876798e-03 3.964897670034134292e-01
4.753810580109162909e-01 2.298479024879951024e-02 3.787967662784204048e-01
4.946191140920122575e-01 5.281929818105247226e-02 3.581918620985044543e-01
5.139685385898207226e-01 8.082598211216329709e-02 3.351551608092694923e-01
5.304029713868938511e-01 1.024614960630600424e-01 3.128971514307911095e-01
5.452450727036427525e-01 1.197906326691839385e-01 2.896625103773522447e-01
5.573651711071480053e-01 1.321027112232725231e-01 2.677261230459565544e-01
5.680814458094515240e-01 1.415507781235638973e-01 2.458856593313129280e-01
5.784924547201885092e-01 1.495610625341351196e-01 2.229751362440525742e-01
5.881380901467880840e-01 1.561312623763050911e-01 2.011927613205458931e-01
5.983776645436428288e-01 1.622700409186359771e-01 1.784614615704326612e-01
6.085071277500655462e-01 1.673164403717503634e-01 1.570622154404530679e-01
6.192397578527015778e-01 1.712198864230583817e-01 1.360221116803863595e-01
6.313286455195258329e-01 1.735676006047926490e-01 1.145496185164295855e-01
6.435199851026135454e-01 1.737344990217241647e-01 9.518814827170948845e-02
6.558751541410259289e-01 1.718122091867806955e-01 7.771219802625081718e-02
6.681366619008839436e-01 1.679660001584292739e-01 6.242955610804945543e-02
6.782828184411476835e-01 1.633272412060385315e-01 5.148547053548171298e-02
6.868073933177192281e-01 1.583000060726049707e-01 4.382032468657780233e-02
6.929263187656006240e-01 1.539208129392641289e-01 3.956040188400983953e-02
6.974905257236877487e-01 1.501720022038402769e-01 3.737316977011754388e-02
7.011774158783049549e-01 1.469285564536067790e-01 3.637622897805250360e-02
7.041057021473274835e-01 1.444281655108857476e-01 3.580686435737586576e-02
7.068992737638314372e-01 1.423556579818803791e-01 3.616572157868370302e-02
7.094447392353215864e-01 1.408643480539589488e-01 3.541243641129486475e-02
7.119245969965932730e-01 1.397672663769307932e-01 3.534022995895188396e-02
7.144553965408566576e-01 1.388958215770880189e-01 3.496422659222001711e-02
7.168376410324478476e-01 1.381677074169882224e-01 3.452471863596514451e-02
7.194087104617904460e-01 1.373360733997682770e-01 3.399530424460162070e-02
7.220406277857408517e-01 1.363378502620727073e-01 3.348577018728184085e-02
7.249271443356498645e-01 1.350332841413394436e-01 3.305081021070365582e-02
7.282076658020075755e-01 1.333007202263369606e-01 3.276075465026421357e-02
7.314542186792751810e-01 1.313928994509825920e-01 3.266164014974998892e-02
7.346447522565690003e-01 1.294012371631758362e-01 3.268860595455103102e-02
7.377506886029271405e-01 1.274321964093319548e-01 3.279284614691788113e-02
7.403651208979812326e-01 1.257931695380616055e-01 3.293722855493483315e-02
7.427722540580982136e-01 1.243742271631471941e-01 3.312421454465239862e-02
7.449066555908451237e-01 1.232409708768442552e-01 3.333590491559695890e-02
7.471161448229481916e-01 1.221505584509441911e-01 3.359436004351762373e-02
7.497399500006806106e-01 1.208012522674395822e-01 3.393775689790237693e-02
7.526275047505213145e-01 1.191379056182831908e-01 3.433078965774799540e-02
7.560050807286525787e-01 1.169741416703619641e-01 3.475592573651910266e-02
7.593211990042568749e-01 1.147046301127317564e-01 3.508118912140965190e-02
7.623524089720952190e-01 1.125688868914437452e-01 3.526249323535857183e-02
7.647422394557525926e-01 1.108710637684484634e-01 3.531689034513446623e-02
7.659258933449145657e-01 1.100287585470785673e-01 3.528602294771461534e-02
7.661669607933170312e-01 1.098567587348259628e-01 3.529599638730591266e-02
