-4.738372093023256326e+01 -2.180232558139532983e+00
-4.726075476938743947e+01 -2.180232558139525878e+00
-4.693161381928689480e+01 -2.191626655671875312e+00
-4.639326073442102683e+01 -2.246182713428527933e+00
-4.571081102558789411e+01 -2.303353510391733749e+00
-4.481954478617492299e+01 -2.325532305721360160e+00
-4.358240835931617596e+01 -2.306985521490549473e+00
-4.232467518384191862e+01 -2.231066809683280638e+00
-4.100467402023259922e+01 -2.108225042891820777e+00
-3.959301310244491390e+01 -1.948743770147032706e+00
-3.804420589467305547e+01 -1.643481311606446837e+00
-3.670283951331254713e+01 -1.050374017373876256e+00
-3.574546133865266029e+01 -2.531979899583376437e-01
-3.494001875282025793e+01 7.482884255915429605e-01
-3.431339410037554671e+01 1.799145868803591952e+00
-3.379239224607755432e+01 2.915494844256556917e+00
-3.333272451690989158e+01 4.064853900317267232e+00
-3.290353506202367839e+01 5.134560012333373891e+00
-3.242693967130399102e+01 6.238387747433378649e+00
-3.178141448858036355e+01 7.470606460501741708e+00
-3.106165244577120532e+01 8.643406828289052157e+00
-3.017533093587336168e+01 9.725357552107581682e+00
-2.916036458796299158e+01 1.048017007718728166e+01
-2.787147682868307186e+01 1.096166174270429394e+01
-2.621353784312674406e+01 1.123586095092710480e+01
-2.434986972778798986e+01 1.128684699118714718e+01
-2.232580232576810886e+01 1.104754421152122035e+01
-2.061984122364468419e+01 1.054166372864461465e+01
-1.921819147769019764e+01 9.776684624222703235e+00
-1.797596475109798320e+01 8.830910437305121263e+00
-1.698677400362833367e+01 7.885690287983969426e+00
-1.625583886233385300e+01 6.913324845438452826e+00
-1.578429779255816356e+01 5.917078101748913355e+00
-1.541140596629400505e+01 4.880993026150648006e+00
-1.500113664634395860e+01 3.809622110648867022e+00
-1.462035351971876906e+01 2.873969184997427817e+00
-1.423229268019262861e+01 2.048051262494546165e+00
-1.371409621099660825e+01 1.364955129296205882e+00
-1.300932628488710918e+01 9.047605933581159832e-01
-1.196880413980581892e+01 5.529476654115264012e-01
-1.076475435249291479e+01 2.793100716483571944e-01
-9.512350767872860047e+00 9.512294644427043977e-02
-8.226112917972919547e+00 8.066939717373600160e-03
-6.950812083120105456e+00 -3.552713678800500929e-14
-5.504766669459392858e+00 -3.552713678800500929e-14
-4.095537189032398828e+00 -3.552713678800500929e-14
-2.744225202823550092e+00 -3.552713678800500929e-14
-1.468437786003342183e+00 -3.552713678800500929e-14
-5.072903766998990704e-01 -2.131628207280300558e-14
0.000000000000000000e+00 0.000000000000000000e+00
