-4.808828637065353462e+01 -2.212695857372076080e+00
-4.734340154633083841e+01 -2.251143567342376972e+00
-4.659851149032392215e+01 -2.289588778278070613e+00
-4.585361776526720234e+01 -2.328033041768934996e+00
-4.510867974541114478e+01 -2.366461079335673290e+00
-4.436361160270168114e+01 -2.404856408466762296e+00
-4.321688328904857457e+01 -2.252620377843853383e+00
-4.204968139924865511e+01 -2.083248433629452556e+00
-4.085722971614766408e+01 -1.876624168863785691e+00
-3.965820439604807746e+01 -1.648343948724547925e+00
-3.845902068235672999e+01 -1.398686423978066085e+00
-3.730938027779025390e+01 -9.715138681285848676e-01
-3.632968862534617926e+01 -2.291609543286890205e-01
-3.560434907263123705e+01 8.563410909638677904e-01
-3.487897033472986408e+01 1.942050629330722922e+00
-3.415359809254552914e+01 3.027763866642888324e+00
-3.342823854766838565e+01 4.113486746094764612e+00
-3.270288141813461635e+01 5.199206109495642991e+00
-3.197752346643327925e+01 6.284923453820454142e+00
-3.125216497179143715e+01 7.370638746468566538e+00
-3.052679542060068840e+01 8.456333211203705957e+00
-2.980128069019636428e+01 9.541928100463998419e+00
-2.877389616786416227e+01 1.037059448354792579e+01
-2.740447077698625122e+01 1.080098426674258505e+01
-2.584764654444614251e+01 1.089828393322093625e+01
-2.422942566954320398e+01 1.076832849676389614e+01
-2.261389123255145961e+01 1.051692057074290432e+01
-2.104585596348301735e+01 1.012249454635337997e+01
-1.961882318549233162e+01 9.527574403590792329e+00
-1.841020835938559230e+01 8.757743777426323817e+00
-1.744937315660220278e+01 7.882999572958736323e+00
-1.685916583104603816e+01 6.958670456625992706e+00
-1.626897809887996615e+01 6.034345906288647754e+00
-1.567879572660866039e+01 5.110021915763642397e+00
-1.508860741339021416e+01 4.185691750701296954e+00
-1.449842596367111369e+01 3.261400841867177824e+00
-1.390824065918646291e+01 2.337139737035129006e+00
-1.331606317711974619e+01 1.418566077538960579e+00
-1.255203290572219643e+01 7.924219389651488976e-01
-1.157224359649219103e+01 4.504073826174477824e-01
-1.047098123151315363e+01 2.642176646914357607e-01
-9.283566926787619522e+00 2.072922029335865779e-01
-8.093526966109545029e+00 1.556667091335048603e-01
-6.903486623230432606e+00 1.040420538313791970e-01
-5.713442276590678937e+00 5.244114297794036372e-02
-4.523399772456685675e+00 8.393817917885179353e-04
-3.333363566362266273e+00 -5.075013905200052855e-02
-2.143331614019420961e+00 -1.023376010316602858e-01
-9.533100305941587527e-01 -1.539246569863862157e-01
2.367130770570416709e-01 -2.055110288543256225e-01
