8.659215154350007992e+00 2.212910539445002200e+01
9.916526498865209760e+00 2.212910539444993674e+01
1.128926638396096394e+01 2.212910539444996516e+01
1.314884776992742843e+01 2.212883383641869273e+01
1.491479989758498448e+01 2.207702231565789930e+01
1.631150083994300815e+01 2.189413495672971521e+01
1.773845883716347771e+01 2.156178028580507089e+01
1.904416906761296957e+01 2.118260669761212966e+01
2.006020717405765197e+01 2.077058827558980170e+01
2.077661661902635615e+01 2.030867154980921896e+01
2.133177285712949356e+01 1.929047556987791268e+01
2.160938060006556327e+01 1.765756242937828802e+01
2.164803105259198901e+01 1.588795858539174333e+01
2.164803788587492761e+01 1.399014587451264902e+01
2.165512675576046320e+01 1.211475965765541218e+01
2.177248582119892717e+01 1.016871058383006243e+01
2.197754119298120656e+01 8.316512696947398808e+00
2.211473991088878677e+01 6.759080546439207637e+00
2.212910539445012148e+01 5.231938202031557239e+00
2.212910539445012148e+01 3.379913494196529200e+00
2.212910539445012148e+01 1.572082495652580292e+00
2.212910539445012148e+01 -3.170248206976680194e-01
2.212910539445012148e+01 -2.201356174763191120e+00
2.212910539445012148e+01 -4.200732145116091942e+00
2.212051535048856010e+01 -6.465317763050080657e+00
2.184119239609313468e+01 -8.771394642972595079e+00
2.095505562992701698e+01 -1.112488621538597044e+01
1.976581771595539294e+01 -1.297480036531941039e+01
1.845943287767798324e+01 -1.431953516463839549e+01
1.704222324385169429e+01 -1.525480190939730107e+01
1.575111568217276670e+01 -1.575451283105734035e+01
1.441183994237084676e+01 -1.607391153449984245e+01
1.300703848177806776e+01 -1.626965469082350069e+01
1.147166245583582622e+01 -1.635393876207152175e+01
9.767338234333678315e+00 -1.635591998845154649e+01
8.162336494712292279e+00 -1.628577070072677202e+01
6.612750326206665363e+00 -1.605565660734643529e+01
5.005450713505027238e+00 -1.550710551422213257e+01
3.638079684586188023e+00 -1.475560245690985539e+01
2.588743292800373297e+00 -1.363208367305476543e+01
1.822008971782281606e+00 -1.207280695605304288e+01
1.235481085427281300e+00 -1.023086546223588300e+01
8.249592698364978105e-01 -8.365998862262316038e+00
6.073433338984273178e-01 -6.587123639761742311e+00
3.742971907249312835e-01 -4.586588568663316323e+00
1.732411858774440816e-01 -2.577317479427478020e+00
2.115897237375463646e-02 -8.341125022493542929e-01
-4.263256414560601115e-14 1.878339082285265249e-01
1.421085471520200372e-14 3.377870060690497667e-01
0.000000000000000000e+00 0.000000000000000000e+00
