9.664738837556630102e+00 2.279559636593307559e+01
1.095151885611188547e+01 2.257149763692342859e+01
1.223829738779753207e+01 2.234739965053002209e+01
1.352508269427436893e+01 2.212329672308825579e+01
1.481187305205673610e+01 2.189918085321182417e+01
1.609866611092690647e+01 2.167505714233156411e+01
1.738544029810477198e+01 2.145091541363142085e+01
1.867186822300164906e+01 2.122632157745710657e+01
1.981494953885453825e+01 2.083559678023841499e+01
2.070990125761698408e+01 2.016191354230410582e+01
2.129475206186107528e+01 1.908977066366728437e+01
2.153612882045431931e+01 1.752975157010284235e+01
2.161945170268689154e+01 1.573389309472715958e+01
2.170276754328267543e+01 1.393801198704073663e+01
2.178605444339532937e+01 1.214206825337885753e+01
2.186933910670974868e+01 1.034612469592310191e+01
2.195259805226125494e+01 8.550152893668840903e+00
2.203584843105512192e+01 6.754170267180622744e+00
2.211910028582557430e+01 4.958189422583335393e+00
2.215620030194313017e+01 3.106954332986501033e+00
2.218978608632178151e+01 1.251578251502311723e+00
2.214058558646533115e+01 -6.848303336927067386e-01
2.207114299556623394e+01 -2.636124484818985980e+00
2.193027595098082472e+01 -4.622431415924426190e+00
2.167997997549188227e+01 -6.634072287429140680e+00
2.124135236389226122e+01 -8.639733026506521085e+00
2.061692614486804942e+01 -1.058454170144088202e+01
1.976314162300278454e+01 -1.237130808897785883e+01
1.867213991018301300e+01 -1.387853338592667463e+01
1.735829882830935489e+01 -1.496137456840567914e+01
1.590952492563450704e+01 -1.564916350811438761e+01
1.438798904084165464e+01 -1.604384651908377535e+01
1.283063053162806710e+01 -1.625905720994043691e+01
1.125166399813205942e+01 -1.632818710474336399e+01
9.666384166583512183e+00 -1.631010247255334988e+01
8.084431923648093488e+00 -1.619198434976082979e+01
6.534735381352123618e+00 -1.587841112696599666e+01
5.070764667845472751e+00 -1.530174020481826247e+01
3.766455308065774776e+00 -1.442815539908589173e+01
2.765899581301158427e+00 -1.318399381655831704e+01
2.096766079109466663e+00 -1.167987545687117290e+01
1.589377447564980450e+00 -1.010584374259625129e+01
1.116470880964092638e+00 -8.527595773048590289e+00
7.988881187630505476e-01 -6.976734615460994604e+00
5.345622955378300789e-01 -5.452357505643523616e+00
3.651375901679599356e-01 -4.009295525261958204e+00
1.957238330374919122e-01 -2.566252950203946170e+00
2.630895851437557720e-02 -1.123215777885484989e+00
-1.431053611533087688e-01 3.198191370436883063e-01
-3.125195290678869919e-01 1.762854168069546201e+00
