-1.719612857418696805e+01 -2.160220236864420684e+01
-1.725325236143411445e+01 -2.033702405896641707e+01
-1.731037635936721841e+01 -1.907184436873377109e+01
-1.736750386046404770e+01 -1.780666613889692584e+01
-1.742463000290420894e+01 -1.654148808737457443e+01
-1.747325621834063369e+01 -1.515665284634875221e+01
-1.735232088079411739e+01 -1.258803005681544640e+01
-1.723136800902847554e+01 -1.001930825238036427e+01
-1.711031645338421114e+01 -7.450416184372921968e+00
-1.698921962772611849e+01 -4.881481542061701262e+00
-1.686810582081949406e+01 -2.312538011763432433e+00
-1.674696160262654487e+01 2.564170042391850646e-01
-1.662576798639122799e+01 2.825364160476562692e+00
-1.650452280643953884e+01 5.394311065380430037e+00
-1.635979106728015253e+01 7.956569071819824757e+00
-1.600056397756540605e+01 1.042449140818481901e+01
-1.548041777099420635e+01 1.280171619606374023e+01
-1.481454818459175371e+01 1.508400885503183986e+01
-1.394363076870851614e+01 1.722206270913235571e+01
-1.270652880209226510e+01 1.908526315247216587e+01
-1.105172087976874629e+01 2.060062797588197014e+01
-9.058873351051206058e+00 2.178757537845647363e+01
-6.837325182847564520e+00 2.269537481849262406e+01
-4.486972979322689348e+00 2.338755719641611464e+01
-2.062640785353951678e+00 2.388612489632302882e+01
4.043103012131636920e-01 2.414734603040276539e+01
2.868167622399750982e+00 2.418486890386828136e+01
5.281262246632462798e+00 2.398684571836428248e+01
7.604497255365076036e+00 2.358882136257221873e+01
9.753229147473374994e+00 2.294933867406951222e+01
1.161737535844894609e+01 2.203429699950861220e+01
1.312824864023335891e+01 2.085450354962365438e+01
1.426766569908133775e+01 1.943864913655179905e+01
1.513350240055119045e+01 1.786707695240723481e+01
1.582585128377215433e+01 1.620850838185048914e+01
1.631812236627019885e+01 1.446884857972138150e+01
1.651542913594488837e+01 1.264605413245019783e+01
1.631357080906881762e+01 1.077140428246414672e+01
1.563635117663339891e+01 8.927493858325954434e+00
1.462194622993513171e+01 7.185322660699985597e+00
1.336789865580844072e+01 5.588079530794864525e+00
1.191818026466050284e+01 4.194795151127703292e+00
1.031616148246748921e+01 3.083009059458268197e+00
8.595708541818623871e+00 2.471160194400130905e+00
6.875860416598627900e+00 1.906962600422257070e+00
5.156168935227965378e+00 1.343302156286582782e+00
3.436495254278466582e+00 7.796588034883964458e-01
1.716852432793283256e+00 2.160703798962937128e-01
-2.791347995330423996e-03 -3.475184975836751455e-01
-1.722432778932227349e+00 -9.111063966684904702e-01
