-1.724735600921369993e+01 -2.036146195532171888e+01
-1.724735600921369283e+01 -2.031249754028354815e+01
-1.724735600921367507e+01 -2.006635715471504255e+01
-1.724735600921367507e+01 -1.925747731512837291e+01
-1.724735600921367507e+01 -1.774151082640510424e+01
-1.724735600921367507e+01 -1.563271257490185207e+01
-1.724735600921367507e+01 -1.307951082242831831e+01
-1.724735600921367507e+01 -1.051913621173862623e+01
-1.722329813072814275e+01 -7.777673381644291339e+00
-1.711933601942784478e+01 -5.193654052473490879e+00
-1.694401041758848692e+01 -2.487487997809672891e+00
-1.681019407526042642e+01 4.321291921056058527e-01
-1.676405472999619306e+01 3.121267471623212941e+00
-1.665216430098688249e+01 5.805883119859593933e+00
-1.636613087947968737e+01 8.345184797286592016e+00
-1.593973802525819750e+01 1.077148001497445762e+01
-1.540929574487907772e+01 1.311558200599405666e+01
-1.483402966576312210e+01 1.516672860381539323e+01
-1.409783166420456268e+01 1.715180782527170322e+01
-1.295647870946964630e+01 1.901097291132703759e+01
-1.141581246490344625e+01 2.047373989153342677e+01
-9.415897301447813561e+00 2.173145554894192344e+01
-7.170525071523435656e+00 2.271207270552939406e+01
-4.742677338220744332e+00 2.348709411436001915e+01
-2.146098263211300150e+00 2.406888497569920560e+01
2.868752830145098187e-01 2.434895162276997382e+01
2.877037970258115251e+00 2.441580830772150534e+01
5.445042104598698529e+00 2.420412775770300584e+01
7.976425752891941556e+00 2.365656131254958439e+01
1.026454836589792308e+01 2.281577719643142643e+01
1.193403258209047380e+01 2.189994881820663863e+01
1.333308437171943694e+01 2.077468136469284588e+01
1.430885493419668109e+01 1.949602493401196313e+01
1.508749576633670841e+01 1.805064178297882194e+01
1.580108255662682382e+01 1.643811418741493924e+01
1.635977371047011530e+01 1.477544643454091755e+01
1.670393878024223966e+01 1.300719659389741167e+01
1.672400061368247748e+01 1.100318635063661077e+01
1.615189151352888075e+01 9.034428414778865601e+00
1.505059637719774912e+01 6.957064885565593215e+00
1.373720626449753013e+01 5.191457289086393700e+00
1.213555180986158888e+01 3.711100639177104199e+00
1.031863578984312113e+01 2.567672701825713943e+00
8.423468900298757944e+00 1.798883103509794523e+00
6.254121684018777216e+00 1.241171671120362419e+00
3.946743184782533831e+00 8.081821856690538652e-01
1.823708842805324082e+00 4.521996272958190843e-01
3.486494746064039418e-01 1.604844235880236170e-01
-1.079200218682245804e-01 3.423767605568883710e-02
0.000000000000000000e+00 0.000000000000000000e+00
