-4.644844175169508560e+01 -2.914257359256978930e+00
-4.418255015076809400e+01 -2.177966076714411781e+00
-4.496427809107407114e+01 -4.546631993823112339e+00
-4.297054893906624073e+01 -1.290415607313119550e-01
-4.226856117275558233e+01 -2.073243019949460475e+00
-4.220949352845339320e+01 1.361607781594050604e+00
-4.098782997184068222e+01 3.782900823336417417e+00
-4.097807031260591515e+01 6.689893469628541034e+00
-3.992536440470689030e+01 9.643911595926637048e+00
-3.804164816538583693e+01 1.244727397877418440e+01
-3.754526316187710933e+01 1.520363902707643788e+01
-3.570150330901748248e+01 1.716820659242475600e+01
-3.345900540949219248e+01 2.054259996111919051e+01
-3.075710618485848258e+01 2.388984970872975921e+01
-3.244069899371861965e+01 2.480655277146315996e+01
-3.369050635250123804e+01 2.749796348591170769e+01
-3.403780135102003612e+01 3.063713937081217153e+01
-3.328651140742705650e+01 3.351971964207319843e+01
-3.155927751114488089e+01 3.615949005570305985e+01
-2.917694905019892815e+01 3.744590535808801945e+01
-2.606654901003589586e+01 3.785387509194928413e+01
-2.335982860317203702e+01 3.701529237230590041e+01
-2.095539919718543231e+01 3.510326195369702162e+01
-1.839459661346261754e+01 3.222991210639571591e+01
-2.026675994660154956e+01 3.525181322094916680e+01
-1.794149994607680654e+01 3.305408512610854643e+01
-2.015071712660842351e+01 3.261503345349891703e+01
-1.781234731665704274e+01 3.124354682563074093e+01
-1.726246328962361432e+01 2.883394751067463702e+01
-1.527431036870428827e+01 2.679004073219824633e+01
-1.483414759120874926e+01 2.908456231368328915e+01
-1.446018791726747743e+01 2.558038738366998288e+01
-1.282151073411464282e+01 2.379438015731880540e+01
-1.216426935221756978e+01 2.094728572128923005e+01
-1.027590351053544993e+01 2.208773239773872632e+01
-8.889146413894334131e+00 2.015062683411612809e+01
-6.798316819046481108e+00 1.616766566042212361e+01
-8.747175120668115866e+00 1.612764261462817572e+01
-6.519824437583152665e+00 1.431690894712051687e+01
-6.426639124323845209e+00 1.191828674059999216e+01
-4.593585242970058324e+00 9.992931618909340230e+00
-5.235131707468909212e+00 7.729153884246467321e+00
-2.912407919035019610e+00 8.783751066256591855e+00
-1.609066692701302648e+00 6.910673627714797540e+00
-1.826571491209242781e+00 4.178461564105402815e+00
-4.027510386579921331e+00 3.738342354338940687e+00
-1.064853622546494627e+00 2.901611888254615579e+00
-7.644304990381984855e-01 7.276152076488713316e-01
1.484704260241427098e+00 -5.141506778327878946e-01
-1.482866903916602919e+00 -3.776882483599475759e-01
