-4.436899620546994782e+01 -4.585620737184354034e+00
-4.381461212974747355e+01 -2.906805467391334830e+00
-4.326023997349692962e+01 -1.227996287616009541e+00
-4.270587385430208371e+01 4.508094735836125078e-01
-4.215150612953893017e+01 2.129615476871333790e+00
-4.159714010387770600e+01 3.808423400837744222e+00
-4.104274839369639949e+01 5.487267829375956474e+00
-4.003778254837235551e+01 7.897700681173048132e+00
-3.903227835828897696e+01 1.030878794212983784e+01
-3.802676603171537550e+01 1.271987847689668349e+01
-3.702117795859591354e+01 1.513101152012614214e+01
-3.601557109745861851e+01 1.754213655957314799e+01
-3.500995258244117281e+01 1.995328452404375241e+01
-3.400430942942777790e+01 2.236441969047832856e+01
-3.299866490428127008e+01 2.477555369465143542e+01
-3.199298468346147217e+01 2.718660305574023184e+01
-3.098729689732875414e+01 2.959764812159443537e+01
-2.995626969748232327e+01 3.194987287893233940e+01
-2.856459942632841376e+01 3.324416882003793461e+01
-2.714626794359499229e+01 3.443928132925697128e+01
-2.567441795523798476e+01 3.534674035416962568e+01
-2.419879766114435427e+01 3.581634164573034695e+01
-2.296334150655652095e+01 3.531094529454782105e+01
-2.184893994944491880e+01 3.453825719021242691e+01
-2.073488194289683406e+01 3.376482627432170602e+01
-1.962097383298399222e+01 3.299075936255877650e+01
-1.853242708476325973e+01 3.211293536530679660e+01
-1.753039534150669354e+01 3.070196673908450080e+01
-1.653923231573130437e+01 2.922024866005810395e+01
-1.554809154909262681e+01 2.773834692348438580e+01
-1.455695170285986251e+01 2.625644321442000617e+01
-1.356588141760147437e+01 2.477402156992081217e+01
-1.257480746866826493e+01 2.329159902285631745e+01
-1.158415378592257561e+01 2.180788651069012829e+01
-1.059352021273699229e+01 2.032414672195364602e+01
-9.617582001811346260e+00 1.882091600862838732e+01
-8.658276626581120183e+00 1.730148998557395501e+01
-7.708451105333609554e+00 1.577597786718781592e+01
-6.760438275267209640e+00 1.424953990189822584e+01
-5.814990323405960559e+00 1.272251555295844483e+01
-4.895003923484982700e+00 1.119533615270019844e+01
-4.268427921113384649e+00 9.719700989189126616e+00
-3.641893238503544517e+00 8.244083053750610901e+00
-3.015515971429316266e+00 6.768519119693999997e+00
-2.389250325038451805e+00 5.293004441350201539e+00
-1.762992202140269082e+00 3.817498335258819875e+00
-1.136746919748925277e+00 2.341997067716851788e+00
-5.105205194691972981e-01 8.665271287767500885e-01
1.157034284240981703e-01 -6.089414182601861070e-01
7.419264790044484137e-01 -2.084394793395565326e+00
