5.816580094386617494e-01 -2.975585069199411792e-01 2.608951983654080320e-01
5.962672388303635884e-01 -3.019436369124278152e-01 2.616849746575407032e-01
5.891304822125021934e-01 -2.982584735571138235e-01 2.631932975291511601e-01
5.899694259893736303e-01 -2.955981248589844013e-01 2.551139213907711589e-01
5.902671446431509983e-01 -2.902013201507475104e-01 2.589989127743613229e-01
5.926933338997010248e-01 -2.850860282835592785e-01 2.532097182596490526e-01
5.944646784238091231e-01 -2.778174603249652375e-01 2.493828351787104602e-01
5.970641730272916448e-01 -2.677605642427554056e-01 2.470989438608424960e-01
6.019647173495707992e-01 -2.550639811474746388e-01 2.422708476846232584e-01
6.066510081771906426e-01 -2.428639998941695965e-01 2.336833795967353800e-01
6.109478861090774648e-01 -2.262116886116979364e-01 2.258115992414924666e-01
6.163587645392359926e-01 -2.045995692601264015e-01 2.160347302463453967e-01
6.211708209076707288e-01 -1.856879661002205639e-01 2.071609970443158144e-01
6.272802222320266186e-01 -1.613284743422279399e-01 1.960786249540025783e-01
6.331877278374844487e-01 -1.381391876072184388e-01 1.853407038717483357e-01
6.397005103126400805e-01 -1.125637999912073584e-01 1.736662806907523782e-01
6.463101263504721361e-01 -8.601636452726699189e-02 1.615105161244185239e-01
6.524992879378295196e-01 -5.998208294580571059e-02 1.501883029948705983e-01
6.586076378153653543e-01 -3.365893634533805023e-02 1.387428858168408274e-01
6.651959711497467120e-01 -4.869391355884653168e-03 1.263072038244557882e-01
6.710594990217999545e-01 2.062721839889575248e-02 1.154313669548141241e-01
6.777691022850850233e-01 4.995061704731781904e-02 1.028222410260450498e-01
6.818667014530845893e-01 7.176801253020505256e-02 9.460155133151360030e-02
6.874775462353875932e-01 9.695793893718784862e-02 8.527237469561405048e-02
6.932551758959411004e-01 1.223874982894144758e-01 7.596938942064473954e-02
6.978443808534728898e-01 1.434505070141684491e-01 6.843465716641718155e-02
7.026944917762261156e-01 1.659945275825954192e-01 6.011717421369739550e-02
7.069972060999607510e-01 1.834489899411253233e-01 5.381607534868474568e-02
7.105275521476639433e-01 2.011199319549210052e-01 4.730681455778104616e-02
7.144791251802121712e-01 2.153944926079755795e-01 4.345833195076663491e-02
7.180784364988894719e-01 2.311684458767111761e-01 3.878072046129063533e-02
7.223287049633406731e-01 2.435932996168585773e-01 3.393879013477679035e-02
7.223038092378010200e-01 2.517099708623609100e-01 3.369353919374382805e-02
7.228734301231634074e-01 2.671869942277726451e-01 3.062126627691645273e-02
7.278762311711206578e-01 2.728650665333282044e-01 3.043897439548823997e-02
7.224836769486022714e-01 2.807981670805577146e-01 2.632525730646930601e-02
7.322893725636822060e-01 2.843181756827878326e-01 3.139618655151888565e-02
7.313002003565977072e-01 2.923420557405179698e-01 2.348589504048569435e-02
7.280971117353093325e-01 2.955001049054463702e-01 2.841480876198052355e-02
7.329049967114286135e-01 2.980400752150491606e-01 2.757777547556193240e-02
7.304410531575094012e-01 3.022837140154111535e-01 2.391928351289124288e-02
7.346435728820537303e-01 3.012619468639535780e-01 2.842341618130168890e-02
7.284519237241845468e-01 3.035355932376270216e-01 2.727347287395722950e-02
7.352245246540378698e-01 3.078300039020661627e-01 3.090624269448898412e-02
7.275262626739986693e-01 3.103315672513948242e-01 2.940206021635263095e-02
7.346008910275256820e-01 3.097935774646323748e-01 2.853823708826093430e-02
7.328789188561716239e-01 3.056387626513751288e-01 3.549102536317889217e-02
7.318577468510671924e-01 3.050997585708367099e-01 2.666700935146450874e-02
7.346251890682667929e-01 3.137854507276996996e-01 2.780112525807199031e-02
7.313781984580169926e-01 3.039696946643683506e-01 3.238180223571875821e-02
