5.856483847295773648e-01 -3.078909747860802404e-01 2.652688171710052556e-01
5.871772498057583611e-01 -3.031248012329397223e-01 2.629846181267188610e-01
5.887062928977148113e-01 -2.983562219419558792e-01 2.607016784846123425e-01
5.902354003506390390e-01 -2.935872947763905061e-01 2.584185997255675771e-01
5.917647161609220774e-01 -2.888183297849843956e-01 2.561350783722713964e-01
5.932947457009631886e-01 -2.840412596998294070e-01 2.538451073857364015e-01
5.955807269378138313e-01 -2.768325084568894479e-01 2.503399441363848843e-01
5.984445113508704006e-01 -2.674467410550860347e-01 2.457586545406003908e-01
6.017757835303856329e-01 -2.563056932540558885e-01 2.403173235090612925e-01
6.059170804697499024e-01 -2.423346004870325088e-01 2.334756100819113944e-01
6.110549781839531569e-01 -2.242573661509749128e-01 2.247697994805495092e-01
6.164756842231046141e-01 -2.048915794353808051e-01 2.155282306997823860e-01
6.221789946509682645e-01 -1.833411420367429545e-01 2.053777796736961647e-01
6.281415124025121477e-01 -1.588531777288525459e-01 1.945165245028661338e-01
6.341148539686861652e-01 -1.335873589563694452e-01 1.836116513964886621e-01
6.400872747075871949e-01 -1.083217144446973479e-01 1.727067728186889028e-01
6.460509583590867688e-01 -8.301899297160601765e-02 1.618153597735850213e-01
6.520016924376377254e-01 -5.768549699368109157e-02 1.509325441692278835e-01
6.579493127749134196e-01 -3.234452447346627957e-02 1.400540744005700500e-01
6.638958079638643817e-01 -6.999070714497896209e-03 1.291828527641435687e-01
6.698325728034636439e-01 1.835059557771039768e-02 1.183337219239326693e-01
6.757610534914626488e-01 4.370269963932755380e-02 1.075101431398832325e-01
6.816822501046418958e-01 6.904507518786916209e-02 9.672200385548336554e-02
6.876024709220825981e-01 9.438388283109987176e-02 8.594014819011344675e-02
6.935197427948749382e-01 1.197221390806318952e-01 7.516199186374143693e-02
6.982574412895535820e-01 1.415395038724660548e-01 6.740169531370444889e-02
7.028739275947574194e-01 1.628768166299524034e-01 5.994903778489400065e-02
7.070826165039676425e-01 1.828765120728116922e-01 5.320166051883512548e-02
7.107842031531744764e-01 2.004335724972972910e-01 4.771215558124195649e-02
7.141549742005998125e-01 2.162983859823572330e-01 4.300838315062783385e-02
7.173581433284850206e-01 2.312442014739440888e-01 3.870506372856211130e-02
7.198763252853918049e-01 2.430430491453285657e-01 3.582117539270805728e-02
7.223330202067818062e-01 2.545447292553184027e-01 3.305686680179623776e-02
7.247140304044356052e-01 2.657296297074803193e-01 3.043136597291654089e-02
7.263268227300939683e-01 2.734837524643431439e-01 2.907853662025436034e-02
7.275488924651475342e-01 2.795241280649047866e-01 2.836201873404274251e-02
7.287429422883066055e-01 2.854171579878677090e-01 2.771080426895411800e-02
7.297634648595148210e-01 2.905641889708428516e-01 2.734432331468605870e-02
7.305587058371988407e-01 2.948453237191960286e-01 2.724506474672248879e-02
7.310156531645567446e-01 2.977979904290583013e-01 2.752023264092261917e-02
7.313235345794745212e-01 3.000641393284863567e-01 2.796869266987766015e-02
7.316286287151898549e-01 3.023215924309605174e-01 2.841483092158951507e-02
7.319319860391274579e-01 3.045753962950727978e-01 2.886116911814285910e-02
7.321849129873198025e-01 3.065158282406371115e-01 2.931308601510898212e-02
7.321831722067073667e-01 3.064839501179030257e-01 2.927581303167986135e-02
7.321802696568994184e-01 3.064484203333478485e-01 2.923871359650727364e-02
7.321788881999142795e-01 3.064122421140408892e-01 2.920218753337305156e-02
7.321772362026702785e-01 3.063749376690937942e-01 2.916702288563501402e-02
7.321756010773701195e-01 3.063375685301449325e-01 2.913215422328992166e-02
7.321739192804033181e-01 3.063002722467979555e-01 2.909736769687146576e-02
