5.931879535422193150e-01 -2.759336783802320836e-01 2.553795136498505647e-01
5.941480177981117716e-01 -2.730938456787942448e-01 2.547426207996944525e-01
5.991954521456590577e-01 -2.579248097048003063e-01 2.513140273555101167e-01
6.094350889824498019e-01 -2.264172975072558935e-01 2.440489729177421907e-01
6.222669304933911016e-01 -1.856310043242911656e-01 2.342829505376598787e-01
6.359398429903203587e-01 -1.401378444596246831e-01 2.227085976761588593e-01
6.492208137773122223e-01 -9.275973125331114788e-02 2.095097928589365055e-01
6.597100334340522121e-01 -5.130762095472945344e-02 1.965513192859407732e-01
6.681141140376083420e-01 -1.303988717130941978e-02 1.830267229391446815e-01
6.738877125850689653e-01 1.849321770641245213e-02 1.706481646271336139e-01
6.779668245910223101e-01 4.594307465986937483e-02 1.591618304605272038e-01
6.809493731794090676e-01 7.117155895781226982e-02 1.484006539633321853e-01
6.829334229833873282e-01 9.232214631777177494e-02 1.394616923705934153e-01
6.844125916069596638e-01 1.119391313305423130e-01 1.311414876250059092e-01
6.855279539220764384e-01 1.285744623555858668e-01 1.236568916299823628e-01
6.866958272147737352e-01 1.436410787456275651e-01 1.159740961567505835e-01
6.883854752629285922e-01 1.581248921999018620e-01 1.072104466626915137e-01
6.908002798384147436e-01 1.707985294893830386e-01 9.810145171367486150e-02
6.942572606756315379e-01 1.823894784446667972e-01 8.855076609211930128e-02
6.990765950303901022e-01 1.933952394610021219e-01 7.869132191040846547e-02
7.046085995905649879e-01 2.028443433993908085e-01 7.016661943733944196e-02
7.109627742816263529e-01 2.117848731093530112e-01 6.273973040902328102e-02
7.169985381113305190e-01 2.193732024696954108e-01 5.738936781755455546e-02
7.225135482689660771e-01 2.259549351097762393e-01 5.364360945503455352e-02
7.273514519551689261e-01 2.316462196655182104e-01 5.110212875516952080e-02
7.308944830916924706e-01 2.358862926111551517e-01 4.961740448842881512e-02
7.335720106810338370e-01 2.392954496516306595e-01 4.867800555120939399e-02
7.353746423829923273e-01 2.419208723803712158e-01 4.813161844185914057e-02
7.367657341597152465e-01 2.443773740953773255e-01 4.778111958518321128e-02
7.381133419255330175e-01 2.471859759610111895e-01 4.752520732181814145e-02
7.395296429254087922e-01 2.503178166174847008e-01 4.729382053093888344e-02
7.413100520024554774e-01 2.541468669641836486e-01 4.693065575533833522e-02
7.433466154385734992e-01 2.582305418583958345e-01 4.634083118431499282e-02
7.457057311621632101e-01 2.625982350112874841e-01 4.545861448619761130e-02
7.484333828382000453e-01 2.673181154540095195e-01 4.430332686293289579e-02
7.511040726912381338e-01 2.717964476366981907e-01 4.318659602216783078e-02
7.536546679550104599e-01 2.761502681396720837e-01 4.228392937304854826e-02
7.560327590157877031e-01 2.805050966693124481e-01 4.174128751092330558e-02
7.579348538896202303e-01 2.843851264688790903e-01 4.163812981058243740e-02
7.595706362964410596e-01 2.881420785533483353e-01 4.184593662241193474e-02
7.608624647048420897e-01 2.913854102805049084e-01 4.216498798636033468e-02
7.619916415385949993e-01 2.942720814293882103e-01 4.243764191163169885e-02
7.631163661315316649e-01 2.969202810906874102e-01 4.254592357404701070e-02
7.642397123560987771e-01 2.991226790509260436e-01 4.240565650586924917e-02
7.655509049495383689e-01 3.011554399505125268e-01 4.198437502519136028e-02
7.669072580407022555e-01 3.028346147713438796e-01 4.137523754984302055e-02
7.682322271282771009e-01 3.042071192797036749e-01 4.068987031220255846e-02
7.693413028755842209e-01 3.052098550614693595e-01 4.008018264377743306e-02
7.699151280604802361e-01 3.056809490340250401e-01 3.975829741680687868e-02
7.700349828599039048e-01 3.057736427318166750e-01 3.969097807512508846e-02
