-3.157905320360496404e+01 1.785183413826124976e+01
-3.139837591011211515e+01 1.896215647318951980e+01
-3.022948709448018789e+01 1.683380331641154726e+01
-2.951622591873528378e+01 1.840011717772454958e+01
-2.810735349616532019e+01 1.726001100177611747e+01
-2.829106935900633957e+01 1.922196143988796990e+01
-2.743125377444881252e+01 2.124205375083142400e+01
-2.581101069625212574e+01 2.289424137831166917e+01
-2.364188466834622560e+01 2.411972782513281643e+01
-2.084037131527239239e+01 2.519457191424651299e+01
-1.819411528944011991e+01 2.572362290383558303e+01
-1.518268536590902329e+01 2.591421781600790553e+01
-1.203768072781887000e+01 2.578083050180577729e+01
-9.626843505956342639e+00 2.516878009466590527e+01
-6.899067973000525100e+00 2.400805908010409695e+01
-4.570419833896860240e+00 2.253770204430166402e+01
-2.509032427224282102e+00 2.068228510701008460e+01
-9.873521839184711268e-01 1.859253999889409670e+01
-1.085604060175718588e-01 1.630234506430798547e+01
-8.214452275937198511e-01 1.465538588024711153e+01
-2.626325745461124850e+00 1.474623422234741632e+01
-5.589188316396207057e+00 1.548481535789573549e+01
-6.321124795971925892e+00 1.693544201972592234e+01
-8.189372518721228289e+00 1.678133143692153340e+01
-1.038313982442246264e+01 1.570965688502375635e+01
-1.527435437619775271e+01 1.347666398894685713e+01
-1.755586129482564672e+01 1.214452329048590506e+01
-2.135581147325568807e+01 9.712214977547182215e+00
-2.587431267127449175e+01 6.730890513429088173e+00
-2.665683689333791406e+01 5.346501700108555966e+00
-2.844182392143842719e+01 1.487423137901248138e+00
-2.845232940490193840e+01 -2.914474691343405532e-01
-2.830344608244791971e+01 -5.830896689609520678e+00
-2.809446653004981442e+01 -1.034823625334328590e+01
-2.697850865830459810e+01 -1.124161184283405746e+01
-2.354148648648446596e+01 -1.346223882542028605e+01
-1.814039406954000810e+01 -1.702082248827700184e+01
-1.657155136029071585e+01 -1.733747578867903627e+01
-1.205344078354982429e+01 -1.794516279552956917e+01
-7.466010321085042811e+00 -1.845913854635545448e+01
-5.622442881302688988e+00 -1.805819726896558208e+01
-3.709349891370712360e+00 -1.667611904757536934e+01
-1.851804331648280399e+00 -1.464847066338516690e+01
-7.605744218914751997e-02 -1.214363788987397896e+01
1.227317615396944506e+00 -9.614896810365156199e+00
2.471700239339126970e+00 -6.517538880205550278e+00
2.321299849439051322e+00 -4.641473174678075964e+00
1.471724442033920610e+00 -1.864332360569081359e+00
1.486689021745850048e-01 -2.800327862986544680e-01
-1.829430226486660205e+00 3.479383149368268091e-01
