-3.135685537980945625e+01 1.813909103440049719e+01
-3.079964609280911958e+01 1.852310273935445650e+01
-3.024243307538601400e+01 1.890711469577911075e+01
-2.968521491104031540e+01 1.929113239905615984e+01
-2.912799083205650064e+01 1.967515448597920980e+01
-2.857055289516780405e+01 2.005925847361946168e+01
-2.682415686370859476e+01 2.088725461656941107e+01
-2.480062249563754051e+01 2.171504535723611795e+01
-2.267200451969377184e+01 2.250304546007195228e+01
-2.031602318939294705e+01 2.311249607428002051e+01
-1.779321278302696641e+01 2.347519716707485316e+01
-1.521109100194021124e+01 2.364459866947011690e+01
-1.262183850302460364e+01 2.353618834121704140e+01
-1.008767072256556752e+01 2.307903805614744996e+01
-7.660682625335546447e+00 2.229883700024985416e+01
-5.456386593783110861e+00 2.115807163484751996e+01
-3.681911517519807830e+00 1.966272505792764136e+01
-2.064840713427162466e+00 1.813232884460713024e+01
-2.475745633999431483e+00 1.779953713479259392e+01
-2.886823416829386257e+00 1.746678863819181515e+01
-3.297924752398684323e+00 1.713404081465008844e+01
-4.299347727486636295e+00 1.688678323116807078e+01
-6.101448481217619069e+00 1.660401961036665597e+01
-8.476247509565380867e+00 1.616076613059261291e+01
-1.144857922034506181e+01 1.532741895629755291e+01
-1.482865387409347946e+01 1.387718085989196126e+01
-1.823317158953617323e+01 1.216391950958863610e+01
-2.151912293188008363e+01 1.009595122592115679e+01
-2.449564927614274623e+01 7.686117207417659358e+00
-2.679095047100505411e+01 4.883740691286729607e+00
-2.829739894301178893e+01 1.741852382237807140e+00
-2.887456732144559268e+01 -1.764764438628545484e+00
-2.875770114896717189e+01 -5.419570680861207634e+00
-2.804266999085337275e+01 -8.985309710787927173e+00
-2.611478261654841759e+01 -1.202106971882309061e+01
-2.303817664730658521e+01 -1.439051874306874090e+01
-1.955465006556538299e+01 -1.631824859282712126e+01
-1.588075568076116895e+01 -1.767943650308590620e+01
-1.219464498178230372e+01 -1.839411786846071095e+01
-8.680339031202288780e+00 -1.854657898011583228e+01
-5.795537753180456164e+00 -1.780103192345888985e+01
-3.485375689311525083e+00 -1.634694372330540446e+01
-1.544544241433243759e+00 -1.440820322250704066e+01
5.096887956496111427e-02 -1.211405520684284021e+01
1.288006721007757260e+00 -9.613441033234964905e+00
1.999524148495987808e+00 -7.033620986847083145e+00
1.930460203085132109e+00 -4.638157015735602684e+00
1.380782858371564004e+00 -2.540546481817022251e+00
8.311038836073182390e-01 -4.429409799636669365e-01
2.814246028635565833e-01 1.654665229546496530e+00
