3.338080870905339026e+01 4.239241659457166378e+01
3.182272087701603525e+01 4.126462025550195989e+01
3.026463232389903979e+01 4.013682383050113600e+01
2.870653262621370772e+01 3.900904857877863918e+01
2.714843537674497043e+01 3.788128087739899286e+01
2.559032661219949745e+01 3.675351274360812681e+01
2.403221771535046258e+01 3.562574564856645054e+01
2.247412536608841549e+01 3.449795997387861490e+01
2.091603578470413538e+01 3.337017475718874948e+01
1.935807864995252459e+01 3.224238418421850128e+01
1.782143891507717370e+01 3.111490974776483043e+01
1.704220906416199810e+01 3.004667653249596171e+01
1.662492457448463057e+01 2.902655214268643746e+01
1.656290725312261358e+01 2.808106458909297842e+01
1.698688627656821737e+01 2.727339326254558216e+01
1.807123329591495775e+01 2.666614336290828646e+01
1.915722443259954844e+01 2.605932216516287525e+01
2.024322098548098836e+01 2.545250470375848550e+01
2.132921800782752797e+01 2.484568672884392981e+01
2.241521698295102993e+01 2.423887899095147347e+01
2.350120604701039539e+01 2.363205411184769389e+01
2.458711960383495310e+01 2.302517928086547272e+01
2.567287035120465788e+01 2.241819647088705025e+01
2.620910035439308317e+01 2.162219592840116533e+01
2.615855946566467338e+01 2.070409998909996219e+01
2.567768604717845449e+01 1.974536734065909016e+01
2.480798959988772978e+01 1.877720539996299109e+01
2.341055432818997772e+01 1.778601455177597757e+01
2.200838827268138331e+01 1.679411141596344592e+01
2.060622122385177235e+01 1.580220736538361059e+01
1.920382607894475768e+01 1.481022834311145608e+01
1.780140732564700201e+01 1.381822811364676795e+01
1.639898025638553491e+01 1.282622066020720020e+01
1.499656047153082916e+01 1.183420810201103812e+01
1.359469242335111261e+01 1.083609695330378031e+01
1.220967996020977075e+01 9.787231563802478718e+00
1.082698164799586316e+01 8.734134894127372206e+00
9.444288708755509631e+00 7.681028202030877772e+00
8.061621426921117717e+00 6.627921780544130392e+00
6.680391461294123978e+00 5.574502790389535889e+00
5.305987380621170146e+00 4.521579247153015402e+00
3.959423608443890075e+00 3.475863754985676568e+00
2.684860216067893823e+00 2.462986401744002851e+00
1.664797989685230739e+00 1.605023830497605442e+00
1.015801308668118130e+00 1.020244591280554003e+00
7.531419870833080399e-01 7.582338767165291982e-01
5.166111713188701327e-01 5.201838651149833792e-01
2.800809790860618875e-01 2.821360162629996671e-01
4.354938540688895604e-02 4.408782855334233974e-02
-1.929817602973377400e-01 -1.939581539732856963e-01
