3.301886792452823016e+01 4.221698113207540359e+01
3.244141685327782199e+01 4.174546567807999509e+01
3.139319699357172766e+01 4.079807707563617214e+01
2.984391965990464968e+01 3.955419314980406398e+01
2.802390195532013450e+01 3.823119493658590784e+01
2.593049899087501586e+01 3.686387030955272337e+01
2.380691937533330105e+01 3.550749018903583476e+01
2.204102647431091810e+01 3.434800683419834400e+01
2.026489407957435418e+01 3.318958671242592118e+01
1.879434760935952653e+01 3.215338051569460731e+01
1.774151794076848176e+01 3.117706618198907620e+01
1.696803285444583054e+01 3.014992134926458789e+01
1.650412657848722375e+01 2.902203503407619678e+01
1.630305782351386057e+01 2.772317309910805250e+01
1.646650035708352533e+01 2.664967398165168788e+01
1.707993463684332625e+01 2.594601769753538179e+01
1.820146375214773826e+01 2.554552678673917399e+01
1.953615184457535037e+01 2.524968652992882312e+01
2.108572236161526092e+01 2.504104479513415527e+01
2.289752877494812111e+01 2.484540074163746226e+01
2.462732532204140767e+01 2.454014939900662284e+01
2.613378054656505611e+01 2.394111975234507383e+01
2.689884474465954867e+01 2.304520675348058489e+01
2.692979397333802893e+01 2.180483722880020991e+01
2.644396894426522948e+01 2.043649591630781970e+01
2.574321213141657694e+01 1.933655268778612424e+01
2.486703299150168078e+01 1.845303220808822431e+01
2.373639110821392961e+01 1.759215115034450605e+01
2.236772059229362952e+01 1.675563455562413395e+01
2.080578979527880534e+01 1.587924506858681895e+01
1.934245030585442038e+01 1.496577477375590348e+01
1.792511123861590505e+01 1.399062943034297746e+01
1.657565707688161893e+01 1.310832966134518784e+01
1.513771674720100435e+01 1.217491559172489701e+01
1.361191038913744222e+01 1.106628485774974280e+01
1.223749716634036844e+01 9.991268868928280256e+00
1.084497287737686833e+01 8.875494694585675859e+00
9.236658883534055065e+00 7.657814987736252021e+00
7.703112652837454277e+00 6.480282613891425569e+00
6.308924329385526164e+00 5.290520212633907704e+00
5.074912870681707489e+00 4.267172752462478513e+00
3.860665217343367317e+00 3.344410343132928176e+00
2.607238718639109720e+00 2.361873277268124127e+00
1.634233832582026480e+00 1.561483073705026925e+00
9.878965156052856855e-01 9.860799575474104017e-01
6.482831572580494139e-01 6.482891714236060920e-01
3.917405933710469412e-01 3.917405933710611521e-01
1.900118417943303939e-01 1.900118417943303939e-01
6.353487780953770425e-02 6.353487780953770425e-02
0.000000000000000000e+00 0.000000000000000000e+00
