4.511358344548410115e-01 -4.427666722961987045e-02 4.579456384242757694e-01
3.957987176374834770e-01 -8.844017281878195635e-02 3.745683241918747464e-01
4.285411250536265149e-01 -6.019266568013136032e-02 4.183861299113262322e-01
4.307868639655677012e-01 -5.526724789632646295e-02 4.095583516828416593e-01
4.370060754797015501e-01 -4.583411494267731340e-02 4.006403138127329622e-01
4.429709995993990623e-01 -4.060108997641575374e-02 3.818803527749093374e-01
4.520570296394217924e-01 -7.280464085424907979e-03 3.936751643976318937e-01
4.623156053651819586e-01 -1.384756127505044551e-02 3.612316846173215246e-01
4.687371043658725145e-01 4.638305515754514302e-03 3.550746299348904178e-01
4.769342512135198442e-01 1.647752260898645293e-02 3.457128718950471802e-01
4.832996434618778703e-01 2.867865371028004498e-02 3.343666051006641271e-01
4.912409430412640887e-01 3.955767768799377249e-02 3.211575043049072486e-01
4.978441000471880429e-01 4.969581950689030275e-02 3.064567501206439948e-01
5.063194746030647009e-01 6.181745833172979515e-02 2.912959630255747001e-01
5.162202930862445083e-01 7.242366438743749746e-02 2.755555043453369879e-01
5.273221711744886520e-01 8.253815096412575603e-02 2.598831819444741842e-01
5.387482346854661763e-01 9.229991573911275338e-02 2.431698943093492105e-01
5.503674342417317344e-01 1.025105082274292007e-01 2.291754294561248184e-01
5.615187132502652556e-01 1.086889416709545392e-01 2.134636586163460859e-01
5.711860295993513859e-01 1.154602128786723775e-01 1.973111756814610318e-01
5.802581190408986345e-01 1.204230976359222799e-01 1.816027898417731656e-01
5.904284885407263817e-01 1.310995735209594670e-01 1.666657082710204518e-01
5.963035889659172861e-01 1.308535260922500110e-01 1.462784569400794321e-01
6.026201093408943832e-01 1.362129135928810686e-01 1.279043449542255906e-01
6.115069355634182857e-01 1.427405727911311151e-01 1.094248792265686138e-01
6.196097255338942622e-01 1.477095964706516551e-01 9.236086979288007925e-02
6.279689479133072627e-01 1.529904005669164846e-01 7.707717828873185406e-02
6.374891212068086732e-01 1.583149610843495592e-01 6.621966655905624222e-02
6.469139740217431100e-01 1.629819516084816122e-01 5.911182795244594029e-02
6.562142861528695859e-01 1.665039756032757334e-01 5.450014276635289923e-02
6.642980262170848915e-01 1.692269066053236903e-01 5.272155123325159704e-02
6.718893133051757616e-01 1.696623966627318070e-01 5.243367163982103063e-02
6.777316484149605857e-01 1.684769085834676161e-01 5.012698148271305110e-02
6.839211900456325655e-01 1.671350450712091318e-01 5.149440691910050355e-02
6.890417874719462210e-01 1.628887910306258124e-01 4.868860178919184878e-02
6.933712380945559195e-01 1.573176234614601654e-01 5.094802792075320969e-02
7.017354903036466807e-01 1.549284359031405101e-01 4.982841980719118768e-02
7.033335581458247665e-01 1.433362978582942704e-01 5.074635299223822366e-02
7.138175572109567435e-01 1.431535326165441213e-01 5.461170587661688669e-02
7.192101963184429625e-01 1.345211014252588322e-01 5.275717016500759693e-02
7.263923893951504951e-01 1.294553845665206981e-01 5.389727972908957276e-02
7.306377080827701764e-01 1.223695821635296527e-01 6.262661844986990023e-02
7.427082015716125474e-01 1.240544138012334013e-01 4.249383777727554212e-02
7.407298103447872428e-01 1.121080818678761581e-01 5.908116940009387058e-02
7.482326171980988594e-01 1.115891054012621841e-01 5.505555534228404740e-02
7.505179042511154197e-01 1.072807794629654643e-01 5.339831945070670771e-02
7.533694050340007387e-01 1.046798460928751867e-01 5.629060790531848629e-02
7.554045204338061259e-01 1.062968243186288436e-01 5.591345365008067170e-02
7.296130483337036621e-01 5.830370375480772860e-02 6.142121147347998078e-02
7.797671214832325726e-01 1.516055363361011321e-01 5.061584198954736935e-02
