4.105218333577424494e-01 -8.769401196871766391e-02 4.377293590915786181e-01
4.176426600826220747e-01 -7.624021232887862043e-02 4.276592347026694774e-01
4.247640069508707428e-01 -6.478657435153331590e-02 4.175893688607878462e-01
4.318854682327312733e-01 -5.333368695045077879e-02 4.075204172692146742e-01
4.390076095453301352e-01 -4.187924123480275124e-02 3.974500017523108220e-01
4.461313552916075786e-01 -3.041789223807530446e-02 3.873742848667597327e-01
4.532552883537713240e-01 -1.895642853368625577e-02 3.772976975180585280e-01
4.603796682752103742e-01 -7.494373898555354609e-03 3.672200127061557851e-01
4.678200225337886820e-01 4.295898419215342379e-03 3.561912175441411255e-01
4.753574646004818383e-01 1.613685347559808483e-02 3.448090779803396622e-01
4.831108592179092498e-01 2.795327933742378437e-02 3.327045940206437291e-01
4.912323677110020381e-01 3.957020690687817338e-02 3.196349578731812469e-01
4.997814284592578815e-01 5.086794957190517164e-02 3.057972804032714209e-01
5.087914628777642223e-01 6.176706931220012076e-02 2.913592060759004343e-01
5.188089154478136011e-01 7.157577266970151231e-02 2.758725228653505224e-01
5.289471909947532913e-01 8.120510037049327723e-02 2.602633357625603883e-01
5.390948312024637090e-01 9.081675280409293172e-02 2.446461232022879573e-01
5.493274570643353893e-01 9.986075697575835797e-02 2.288197474155128086e-01
5.595287595067003350e-01 1.086758787915578922e-01 2.129207773181972518e-01
5.686796874941001390e-01 1.149529504743658642e-01 1.963223272297434097e-01
5.774419457546192680e-01 1.206059018718871195e-01 1.796085365230213060e-01
5.862039286933341531e-01 1.262582725113212956e-01 1.628946885387752008e-01
5.949629623772867415e-01 1.319078158198704054e-01 1.461826601363896971e-01
6.037219913270595040e-01 1.375573608494186362e-01 1.294707015166221831e-01
6.124810465328142106e-01 1.432067657927133253e-01 1.127588156631792737e-01
6.212387600429707391e-01 1.488552070642874536e-01 9.604903826838666336e-02
6.299964435975037302e-01 1.545042016454874767e-01 7.933917770347997944e-02
6.387489079984821627e-01 1.595789777937045295e-01 6.682789175050153629e-02
6.471809250916426004e-01 1.631678087642556840e-01 6.076405902669625159e-02
6.554553083308672923e-01 1.662388794543409598e-01 5.601819141767847704e-02
6.632225567920224663e-01 1.680092703678814914e-01 5.323290730454162401e-02
6.705528880054854035e-01 1.686923344475946829e-01 5.138523856674574036e-02
6.773460575362358904e-01 1.678879813981178359e-01 5.035795420745069195e-02
6.837129947872422342e-01 1.656532559339793931e-01 4.986522427124399220e-02
6.896349236729859555e-01 1.611608803315527083e-01 5.016024069686167430e-02
6.954845027828681081e-01 1.561241475657507427e-01 5.067857415636183721e-02
7.013340431288385135e-01 1.510792257150360418e-01 5.120293592169593289e-02
7.071833420727696717e-01 1.460340806074568731e-01 5.172804940814308000e-02
7.130311740407234700e-01 1.409884817632500453e-01 5.225395325704656341e-02
7.188785070672470967e-01 1.359429144685634916e-01 5.278011456669566559e-02
7.247240173251593420e-01 1.308969860415072906e-01 5.330551791397862560e-02
7.305690460914008311e-01 1.258510048742017551e-01 5.383136049111382493e-02
7.357976637679408682e-01 1.212981214208921216e-01 5.418994943851500323e-02
7.410032704817691718e-01 1.167655747299879421e-01 5.454297145201366520e-02
7.462078594090714168e-01 1.122349314357310307e-01 5.489651201134648079e-02
7.501100806633878015e-01 1.089430825259796592e-01 5.515349480407744781e-02
7.525907692384651293e-01 1.068976061924837989e-01 5.537513499865216737e-02
7.550710928021954205e-01 1.048525201969326970e-01 5.559712445550980819e-02
7.575498087114468371e-01 1.028079447429848664e-01 5.581939466438664427e-02
7.600283893851143002e-01 1.007634475689886122e-01 5.604153719014785817e-02
