-4.627187288941544097e+01 -1.682838762110067776e+00
-4.970781652144322749e+01 -6.906563111771696351e-01
-4.689824909583663270e+01 -2.226021708500236951e+00
-4.482354159503048407e+01 -1.524307908348534912e+00
-4.160880986733677389e+01 -1.645496211995710389e+00
-4.179933727863955539e+01 3.458384677437273402e-01
-3.990892358372408921e+01 -1.650004724144319423e+00
-3.728350244418070503e+01 -2.738969245094796001e+00
-3.685487883337241044e+01 -6.932707238794233451e-01
-3.537072583901544220e+01 -2.765373307011908199e+00
-3.298855305936466920e+01 -3.120010302857411766e+00
-3.244604638899463822e+01 -5.307168734359874129e+00
-3.287431040082529421e+01 -1.032041701000935507e+00
-3.156852652010302052e+01 5.104286374572818419e-01
-2.886006725313849586e+01 1.198428070925065869e+00
-2.548694793633714184e+01 1.225315558769663804e+00
-2.342707607205290898e+01 -4.803659272240379252e-02
-2.147271871807308230e+01 -2.496250472361020822e+00
-2.105986474333368008e+01 -5.017952075343984575e+00
-2.321848283706147598e+01 -4.554565199532259356e+00
-2.271474476414460497e+01 -6.829287148074159930e+00
-2.249990865392707562e+01 -1.088072991981910853e+01
-2.387183458966200789e+01 -9.153909480019422062e+00
-2.426949727963638637e+01 -6.340531608387141915e+00
-2.634120887604574079e+01 -6.632667348208596714e+00
-2.662579519945915507e+01 -8.971016457806067379e+00
-2.597035393095753264e+01 -1.216106103171117958e+01
-2.464314770277649913e+01 -1.530794606112413092e+01
-2.274878671400412955e+01 -1.812567457602822074e+01
-2.044373789455108437e+01 -2.008792603973983404e+01
-1.751574791599579584e+01 -2.154262850063183876e+01
-1.437915495226682161e+01 -2.225761864087950670e+01
-1.059742175203471426e+01 -2.255312502100044370e+01
-7.157208711087887032e+00 -2.225381607834330211e+01
-4.231061217162859656e+00 -2.122619245354359307e+01
-1.062631869626626369e+00 -1.945129384022065366e+01
6.385200218390150173e-01 -1.739724076846045975e+01
1.814715373596144321e+00 -1.449182583419067960e+01
2.333612233996849916e+00 -1.122147887157001200e+01
2.001489679234523589e+00 -8.162940553548153844e+00
7.255785027839447565e-01 -5.560981450163632545e+00
-1.436789437142212744e+00 -4.183798289634095724e+00
-4.079328627162299270e+00 -4.184884293347943540e+00
-6.258864116622238072e+00 -5.611825734051328674e+00
-2.643194366514624694e+00 -2.700446700549928636e+00
-4.636814362158862557e-01 -2.377801926690688461e+00
1.409935858846046886e+00 -4.011479087774797669e+00
3.461369882920297680e-01 -1.377828966059059912e+00
-1.692556061530349210e+00 4.346007250075554218e-01
8.084031371018274292e-01 1.995342305552202655e-01
