-4.709071714109126106e+01 -1.613074083259973701e+00
-4.579859686477420411e+01 -1.618319386542464544e+00
-4.450647631676213933e+01 -1.623564690868729565e+00
-4.321434294124759390e+01 -1.628804413186541122e+00
-4.192220106725581275e+01 -1.634049956653920610e+00
-4.063000879604159365e+01 -1.639277947360582299e+00
-3.933781613504400099e+01 -1.644503301570189091e+00
-3.804562148242389696e+01 -1.649729959685406255e+00
-3.675342704963275509e+01 -1.654955563568611510e+00
-3.546123520427475029e+01 -1.660179347228444069e+00
-3.416903931849306986e+01 -1.665405799208801829e+00
-3.287684327820401364e+01 -1.670626362079511429e+00
-3.158464268303952593e+01 -1.675861174222903260e+00
-3.029245143421086439e+01 -1.681157980659974349e+00
-2.901127499839281754e+01 -1.743662919773524944e+00
-2.808545289197029504e+01 -2.683090296378769501e+00
-2.715962882673509426e+01 -3.622518227243195721e+00
-2.623388103271167537e+01 -4.562044408869609491e+00
-2.530820041789217356e+01 -5.501668258125717692e+00
-2.438255393410186755e+01 -6.441338025264849776e+00
-2.345693002121589288e+01 -7.381031861570675368e+00
-2.253131793902859670e+01 -8.320720346387840749e+00
-2.160570663702027261e+01 -9.260408901099125956e+00
-2.068011061157600139e+01 -1.020008975728806000e+01
-1.975451692686275607e+01 -1.113969491373532428e+01
-1.882893789016835484e+01 -1.207927064663302907e+01
-1.790337647799027820e+01 -1.301883985241412311e+01
-1.697781245217334956e+01 -1.395840204497468306e+01
-1.605220131827237395e+01 -1.489792087702094925e+01
-1.512657997326537362e+01 -1.583742508515740077e+01
-1.393609532005964091e+01 -1.647072513245362302e+01
-1.244286237482620194e+01 -1.666217720249823131e+01
-1.076738858606297278e+01 -1.639953966654294248e+01
-9.087395480833571071e+00 -1.600433649090757626e+01
-7.436939610369319276e+00 -1.551231535681631613e+01
-6.126066226565995976e+00 -1.447137873744629388e+01
-4.851867932707212283e+00 -1.338877718183652732e+01
-3.894816658173418489e+00 -1.202034236159154723e+01
-3.050898108390012187e+00 -1.058099603666816435e+01
-2.247435194926629354e+00 -9.130559384555864355e+00
-1.444009602692346128e+00 -7.680142995238910864e+00
-7.253559284059851731e-01 -6.272277014642766879e+00
-6.379573380571534891e-01 -5.485871814664302626e+00
-5.505567713251465767e-01 -4.699467650870464475e+00
-4.631568700253825277e-01 -3.913075384508706289e+00
-3.757606452226924798e-01 -3.126689099707323560e+00
-2.883658827153422477e-01 -2.340307997977892907e+00
-2.009779257021153676e-01 -1.553934882517604699e+00
-1.136099728479744719e-01 -7.676009962902374806e-01
-2.624310416868815346e-02 1.873557619883215591e-02
