4.256626295551498296e-01 -5.506458092650918373e-02 4.309826651893704508e-01
4.394387600507300151e-01 -3.364465157671623491e-02 4.163478215041077624e-01
4.532149118885383521e-01 -1.222441852229757230e-02 4.017122260741958217e-01
4.669911838374007917e-01 9.197085419532567349e-03 3.870763350801048053e-01
4.815424461019277569e-01 3.125757712263300958e-02 3.707834145675272808e-01
4.967372643848668168e-01 5.344365762911860995e-02 3.525779062107048389e-01
5.119889948444821259e-01 7.550456740700706160e-02 3.340069600276931450e-01
5.270960293521558260e-01 9.620341698380432960e-02 3.137340563535415683e-01
5.420879085709801037e-01 1.164451998709952196e-01 2.931560117718126635e-01
5.551202187473771588e-01 1.307290699169420256e-01 2.705856941978027064e-01
5.663511402573870868e-01 1.398687048370499952e-01 2.473739087199094411e-01
5.774687511095126791e-01 1.486380864749794195e-01 2.241596084556133905e-01
5.883530671820129676e-01 1.561888003203693032e-01 2.011178680037394584e-01
5.991112187659238808e-01 1.618429049670151165e-01 1.786362063482399010e-01
6.099405906100391350e-01 1.668569408079474126e-01 1.564070495084799728e-01
6.209044118546098723e-01 1.710931262757775240e-01 1.345791546554301610e-01
6.322852244076845318e-01 1.730406832095162939e-01 1.142837067255906419e-01
6.439236111156768638e-01 1.729993584545570229e-01 9.568407196493854128e-02
6.554501993519816772e-01 1.712725625959797549e-01 7.901952564436867665e-02
6.664240916876985610e-01 1.676930456449244322e-01 6.539444231016633413e-02
6.769437428717990368e-01 1.634247284892154095e-01 5.341988202430627414e-02
6.859790252139440492e-01 1.586119659658315473e-01 4.463668194559269886e-02
6.925517342707545598e-01 1.540529021911020702e-01 3.973266839622342089e-02
6.967047338728605821e-01 1.506443655316168917e-01 3.802405373505905045e-02
7.003683541024978698e-01 1.476390228312664810e-01 3.695062222734831620e-02
7.038673033152780256e-01 1.448279396493144799e-01 3.608202683845815328e-02
7.068551176603609099e-01 1.428692951972748149e-01 3.563780150535390823e-02
7.097398158238423793e-01 1.411543083127195508e-01 3.523798692803323251e-02
7.123940618942593561e-01 1.399632758710712133e-01 3.485835523612770825e-02
7.149893136237602809e-01 1.388793774502493639e-01 3.447722461130988542e-02
7.175853810815979728e-01 1.377964553326261332e-01 3.409603350389280724e-02
7.201833199177183342e-01 1.367132477554075520e-01 3.371613608899156483e-02
7.227819617678375996e-01 1.356289129517753433e-01 3.333670057793561986e-02
7.255251429698045262e-01 1.343667454330209898e-01 3.303380763874317477e-02
7.283701367165068552e-01 1.328943085765058041e-01 3.287119262924260987e-02
7.312362659915246921e-01 1.313287835248023172e-01 3.278286582407936162e-02
7.340957776463833406e-01 1.296698475085863445e-01 3.284332458329385779e-02
7.369443512247486616e-01 1.279902739684022905e-01 3.294641502638316621e-02
7.397936283582948747e-01 1.262967094355382236e-01 3.310391101022647220e-02
7.426358276206755926e-01 1.245891485959884915e-01 3.330710435757115728e-02
7.454705514571966507e-01 1.228754637597195415e-01 3.354608930238415360e-02
7.483049479365587731e-01 1.211595503620156999e-01 3.378652450984908490e-02
7.511404192249656608e-01 1.194392961878179421e-01 3.403199072264539299e-02
7.539774354802588618e-01 1.177183356126962899e-01 3.427849250155257793e-02
7.568145694207227825e-01 1.159961147005442311e-01 3.452456926957082894e-02
7.596513729748366472e-01 1.142720963342020862e-01 3.477281205905214528e-02
7.624825812113861234e-01 1.125450172262384835e-01 3.502448329969223145e-02
7.653118370886410338e-01 1.108179493918209774e-01 3.527508987687071051e-02
7.681408747631662814e-01 1.090910977014402233e-01 3.552520628646219786e-02
7.709697390407167505e-01 1.073639455642446533e-01 3.577508469543005248e-02
