4.351479756040655400e-01 -4.849303387749586552e-02 4.098363690127757031e-01
4.363866284866733114e-01 -3.703962786586797312e-02 4.228422435459781026e-01
4.439348645499130996e-01 -3.000959741185649232e-02 4.097547652483583547e-01
4.564732408338158520e-01 -3.797775130704392817e-03 3.911021655088555704e-01
4.753423627858449629e-01 2.141563568875199872e-02 3.751668091595645183e-01
4.951050470044125462e-01 5.197138371441135246e-02 3.575345081152686566e-01
5.141050488697275211e-01 8.132427234979558439e-02 3.357738905228077053e-01
5.301624961661660640e-01 1.017431188982290957e-01 3.121501274265632286e-01
5.450752649101641145e-01 1.204841139036707809e-01 2.900342190358435324e-01
5.575166642109491422e-01 1.305767823128521077e-01 2.673294240218020978e-01
5.674566338012790867e-01 1.405836344524707682e-01 2.454652343767346478e-01
5.786072505677609668e-01 1.506544387823749720e-01 2.236919149627599190e-01
5.879887775324311727e-01 1.572517875435600898e-01 2.014844511532153382e-01
5.979732114723783631e-01 1.633437128684225303e-01 1.781893227593365769e-01
6.081169212738507523e-01 1.672147859869267394e-01 1.563997967172037484e-01
6.211084016471269953e-01 1.688233208279008857e-01 1.366382528969974919e-01
6.317231771285065633e-01 1.726207819683120981e-01 1.148041975508509310e-01
6.431948362371552319e-01 1.737077688283069909e-01 9.556401664211475189e-02
6.551071187150805386e-01 1.729195825688076837e-01 7.779975580597116303e-02
6.690458675907784425e-01 1.644652631998413939e-01 6.555050124917490006e-02
6.756093554781588129e-01 1.696289982334430457e-01 4.927670679548444566e-02
6.848766286173141316e-01 1.574526664232028250e-01 4.096554913261745562e-02
6.966610462102038603e-01 1.533672870075970252e-01 4.520094422850619298e-02
6.941767165544848739e-01 1.493661284674750456e-01 3.273031936302047556e-02
7.037395108607763516e-01 1.498925856104294518e-01 3.943160076660085639e-02
7.006959257321958567e-01 1.407209774360940746e-01 3.257315102070235113e-02
7.092243160110538458e-01 1.464706373689733665e-01 3.856663784636162051e-02
7.079465096802036728e-01 1.358537145388305778e-01 3.816016100573118436e-02
7.135031751732645589e-01 1.437185912384891517e-01 3.157626522656274692e-02
7.125861076732589172e-01 1.319467617896585565e-01 3.343065770388654184e-02
7.199995063609214707e-01 1.442663259130805287e-01 4.159650213939615482e-02
7.178172521131171990e-01 1.378724231845248616e-01 2.740095762614513583e-02
7.204265250922922137e-01 1.319939571665287859e-01 3.645279959091002331e-02
7.272958493877040853e-01 1.402943123680499282e-01 3.371125690014074167e-02
7.267565954644717996e-01 1.297707501904439009e-01 2.838647982043430995e-02
7.309709175744824039e-01 1.309128615554012165e-01 3.845679709069724922e-02
7.380036743050850667e-01 1.345637891218120774e-01 3.090093519802360189e-02
7.361262749064459987e-01 1.238028414644096603e-01 2.629614621248799883e-02
7.374464938799052405e-01 1.245884420608254217e-01 3.809010580298474030e-02
7.472352324865688677e-01 1.264843083568147342e-01 3.341507692705455307e-02
7.423880965915075070e-01 1.161262513224680659e-01 3.484412709651006634e-02
7.506082508431807243e-01 1.287470766002111466e-01 3.049379846399794675e-02
7.461511124501991610e-01 1.206195191422027718e-01 3.794850223532876543e-02
7.513066902234442068e-01 1.170237927330158439e-01 2.893746854391832102e-02
7.596235622533435983e-01 1.217520491955348672e-01 3.503101326287352130e-02
7.558161990782484851e-01 1.119978340593339033e-01 3.787260227070781554e-02
7.690305196445682556e-01 1.094391506251104068e-01 3.565022170366570486e-02
7.639623632464557224e-01 1.103524351832472494e-01 2.734444109300002493e-02
7.707783045506224617e-01 1.165851839893788933e-01 1.156403964324519418e-01
7.584680888063035642e-01 1.062190194269717614e-01 -3.829547460899376116e-02
