4.316648024366209757e-01 -5.848875784984309406e-02 4.291631045110063103e-01
4.502571654408820678e-01 -4.159777496199192764e-02 4.118558482881410354e-01
4.688503568251994880e-01 -2.470572469516823383e-02 3.945477316934136169e-01
4.874428318610228295e-01 -7.813782102997674645e-03 3.772424639202204832e-01
5.060397383247541292e-01 9.092966160701643902e-03 3.599235883090931010e-01
5.246318274789079084e-01 2.600667425742420047e-02 3.425949359491326507e-01
5.432225858517497619e-01 4.292069552187849357e-02 3.252655621897893035e-01
5.618083586826746467e-01 5.983194794566061570e-02 3.079339286087117711e-01
5.803754765009213612e-01 7.673878448548740461e-02 2.905969211273693453e-01
5.988939035058234994e-01 9.363248242966713819e-02 2.732477259099788669e-01
6.120226543313750378e-01 1.072841388379690980e-01 2.546765128509065335e-01
6.251006656996019872e-01 1.208926884185075046e-01 2.361036138465776590e-01
6.371856166123045506e-01 1.335423763502908423e-01 2.175428604276946898e-01
6.473193373929099215e-01 1.444118568082754794e-01 1.991416843704229556e-01
6.573736500784262970e-01 1.552068379972089962e-01 1.807680141371239280e-01
6.673097246410264471e-01 1.659396151876690317e-01 1.624216159538281190e-01
6.759661465757166310e-01 1.759427468707708553e-01 1.446924294883610851e-01
6.846021753406777988e-01 1.859364177525647810e-01 1.269671605515155510e-01
6.931393546151083385e-01 1.958829244289345406e-01 1.093351770148450752e-01
7.016040694747921469e-01 2.057870803872559606e-01 9.177438846617853863e-02
7.061682134046923798e-01 2.133473589413545646e-01 7.940084505911199075e-02
7.106808819496990282e-01 2.208642601916530612e-01 6.712470345999572985e-02
7.140745111015721625e-01 2.270566765596043479e-01 5.769446280686390399e-02
7.167329184258088848e-01 2.320100354737109072e-01 5.080177339685118532e-02
7.189940722916091653e-01 2.358153600980682219e-01 4.639313786129747874e-02
7.211626312631607139e-01 2.392247903752407479e-01 4.312692840002210759e-02
7.232551222027626681e-01 2.421612523347071444e-01 4.209644481845987302e-02
7.253448418840315881e-01 2.451010594250556396e-01 4.115023920198015300e-02
7.274341140166661335e-01 2.480610105519441555e-01 4.029612761326172715e-02
7.294930488227928667e-01 2.512924116181136092e-01 3.989619803939869341e-02
7.315298929344556944e-01 2.546140200424130140e-01 3.958935169055409486e-02
7.333746933464662110e-01 2.584304066592362226e-01 3.967349033363077454e-02
7.352104107649213294e-01 2.622624877793931497e-01 3.976743592050442644e-02
7.370402755275622386e-01 2.660993002420858344e-01 3.986565875143306681e-02
7.388518199727464042e-01 2.699441514509909879e-01 3.997107779366427388e-02
7.406452914310237556e-01 2.737888210006656498e-01 4.008700897122568357e-02
7.423876210212043691e-01 2.776211095080160507e-01 4.022382273380874229e-02
7.440385709924142166e-01 2.813921788080088193e-01 4.037722640901856425e-02
7.456802443095137400e-01 2.851565503957807501e-01 4.052829346220630791e-02
7.472241287422320966e-01 2.888006496725831762e-01 4.067560417439386455e-02
7.487369667911137894e-01 2.924050839463690488e-01 4.081489522455349073e-02
7.501906617363035545e-01 2.958487111142497072e-01 4.090575645030421204e-02
7.513383824208320627e-01 2.986651377971279997e-01 4.080187932496821129e-02
7.524470426406352219e-01 3.013529693488343764e-01 4.068614868566156756e-02
7.534995617996146366e-01 3.038880431032612850e-01 4.053128887582040096e-02
7.544862549643853722e-01 3.062777772505378970e-01 4.034826488586007454e-02
7.554234585479158159e-01 3.085170022708438320e-01 4.013513758896652961e-02
7.563548090129273982e-01 3.107331841107873749e-01 3.991953730681390561e-02
7.572866680733273403e-01 3.129503392816321838e-01 3.970400897731824613e-02
7.582175815302426569e-01 3.151619143895033615e-01 3.948954200739373394e-02
