4.344300006995416852e-01 -4.659617737279603961e-02 4.151388343554171523e-01
4.364428404996630317e-01 -4.527011387883209115e-02 4.137770025199228874e-01
4.469589061249728545e-01 -3.822360714556158334e-02 4.065269504890999253e-01
4.680734570969733999e-01 -2.360775067637815861e-02 3.915172709023622688e-01
4.942066093922347081e-01 -4.540411708041767851e-03 3.721254734026153699e-01
5.217791136522362816e-01 1.716322199178903218e-02 3.504796607493343985e-01
5.485717395504640104e-01 4.052064599899294489e-02 3.277794385938017085e-01
5.701838951409492484e-01 6.171003633346310024e-02 3.075103403487264853e-01
5.884562116528024855e-01 8.175555307841991803e-02 2.879471792311845690e-01
6.023859318438055110e-01 9.826392110141021763e-02 2.705275202925246925e-01
6.140993237990831632e-01 1.122682494873275538e-01 2.536195129456307318e-01
6.252617712951638040e-01 1.247404044982557969e-01 2.357835919628647192e-01
6.356701861127822539e-01 1.351911116032515903e-01 2.183611487664227080e-01
6.467848522149389767e-01 1.454539954151433390e-01 1.995051158323208618e-01
6.574968544504640189e-01 1.551264192958655419e-01 1.811019732344503474e-01
6.679949657686098385e-01 1.649926667650328804e-01 1.624740833334430423e-01
6.783284291811980671e-01 1.755891368921518869e-01 1.430183126788154568e-01
6.871529719627782473e-01 1.857344316100631998e-01 1.250237220794329362e-01
6.947802163781856555e-01 1.956495303016025922e-01 1.080300121344522080e-01
7.014375775418655312e-01 2.054588445599555280e-01 9.175961910812686917e-02
7.065573602101025141e-01 2.139145873783827034e-01 7.816264354584039065e-02
7.108302547171637675e-01 2.216340841871697609e-01 6.619188558701161185e-02
7.140720835255787158e-01 2.278116085425260229e-01 5.713523539069773755e-02
7.167230937054759332e-01 2.328834229153938229e-01 5.034234485715920193e-02
7.190670203755985534e-01 2.371102434627285482e-01 4.544120925348714424e-02
7.210247518501985420e-01 2.402084849273656009e-01 4.255063285480115143e-02
7.229215247544256151e-01 2.427066919414248014e-01 4.089248482196010392e-02
7.246981657426231349e-01 2.447046319573933093e-01 4.015551656601132335e-02
7.265518229310095055e-01 2.467515464171768647e-01 3.987478858922800101e-02
7.286485829611458742e-01 2.493761424608552379e-01 3.982591556221257156e-02
7.307914851061096950e-01 2.525634412886804681e-01 3.988841434130226821e-02
7.331384722028156942e-01 2.566348826821666651e-01 3.998213109414470307e-02
7.353832095759621490e-01 2.610145720842940720e-01 4.003014466802049670e-02
7.375502782615325215e-01 2.656115149714814438e-01 4.001419391403871623e-02
7.396604295195693402e-01 2.703866762218155584e-01 3.997421302269090621e-02
7.414666850656245201e-01 2.746871901110409797e-01 3.998720524526261366e-02
7.430717900878586191e-01 2.786483736639637776e-01 4.010075494629117970e-02
7.445751783695403470e-01 2.824392780829924621e-01 4.032411407762777344e-02
7.458899346802962960e-01 2.857777031881417185e-01 4.057667393696243879e-02
7.472195861575987585e-01 2.891175741532597265e-01 4.080281700566699282e-02
7.484940933358948945e-01 2.922427948657640440e-01 4.092992496855264034e-02
7.497998877062798107e-01 2.953711059521320070e-01 4.096167399167407325e-02
7.511926428504425157e-01 2.986429360782532627e-01 4.091198836271394551e-02
7.525055870475579889e-01 3.017064704412574239e-01 4.079770771457073841e-02
7.538300214936675125e-01 3.047969413023950414e-01 4.060056073460967946e-02
7.550022859598718439e-01 3.075181285837851330e-01 4.033921916841717858e-02
7.560247057218155708e-01 3.098604694888739686e-01 4.003663235212215343e-02
7.568282316784051833e-01 3.116692872871615894e-01 3.974795964173502560e-02
7.572368482268947432e-01 3.125715535113117727e-01 3.958223003836491838e-02
7.573231062984540074e-01 3.127583762939877277e-01 3.954491072791811029e-02
