4.226891532300554588e-01 -7.702724342707867322e-02 3.862246477938226508e-01
4.277517682022943246e-01 -5.367832647811184715e-02 4.344648870151168740e-01
4.332671427140132869e-01 -5.497403261462736196e-02 4.300478605007986843e-01
4.379151398603916001e-01 -4.714148595150025739e-02 4.236442038971358071e-01
4.493348683094374185e-01 -3.642130585115344044e-02 4.124672835640891266e-01
4.659089834933503038e-01 -2.237120612635787320e-02 3.974840957201281055e-01
4.829216248112523924e-01 -6.910374190694527387e-03 3.818414944798203536e-01
4.962866666068388444e-01 6.580875750843167941e-03 3.695147498923146978e-01
5.234868081631568471e-01 3.445374875993600233e-02 3.444031562302505844e-01
5.293946132992652931e-01 3.871844437643085640e-02 3.365765564776647123e-01
5.419433423218604773e-01 5.051502306505664674e-02 3.180858130256294936e-01
5.494370229644390813e-01 5.621473499682008712e-02 3.053779900665784530e-01
5.649784549136365186e-01 6.728371564057172849e-02 2.813906853099349403e-01
5.813485709082109043e-01 7.918605766386835332e-02 2.552334074174090750e-01
5.902870611213721919e-01 8.700851612186623341e-02 2.388371995004377191e-01
6.064783209072226455e-01 1.019094143018049736e-01 2.085756347898700125e-01
6.210775934426244760e-01 1.149897060872507315e-01 1.821066675167807014e-01
6.315061528514577249e-01 1.244912721683333057e-01 1.647503220129713508e-01
6.419310130272042336e-01 1.355265730285197534e-01 1.469340422645405431e-01
6.566779807442839623e-01 1.503536732658204145e-01 1.230737995247164346e-01
6.656887099281796338e-01 1.605448997166426806e-01 1.091439388412822065e-01
6.799170563400127598e-01 1.753353291627553767e-01 8.665907157958728513e-02
6.898416599448272679e-01 1.850765921059669972e-01 7.376995819810985844e-02
7.002492942641380669e-01 1.886084838151045884e-01 6.757422098321066994e-02
7.203339613009205333e-01 1.975888946163878723e-01 5.575025702527970639e-02
7.207712306870418528e-01 2.036693472782954983e-01 5.263996142283684787e-02
7.287067457833514839e-01 2.152484058050568583e-01 5.595329686305991479e-02
7.222151694098520869e-01 2.233964313872541241e-01 5.097035405587526519e-02
7.358996470763460307e-01 2.280435236253237630e-01 5.026593862912799582e-02
7.393347877487354003e-01 2.381207194285402118e-01 5.022917003270146313e-02
7.333423221445640738e-01 2.375718075891774528e-01 3.292323970983966619e-02
7.349629265424213465e-01 2.433979158874725879e-01 4.417766252878285033e-02
7.482249607856436002e-01 2.554800554562616788e-01 3.543423486436421410e-02
7.621210116023905412e-01 2.681056800305235965e-01 2.843678111559469826e-02
7.441400787249526916e-01 2.650704514472532747e-01 3.323967857780117663e-02
7.470859612255122961e-01 2.741524993872436755e-01 2.960940353448470591e-02
7.473217176886652879e-01 2.813448293013029455e-01 3.925035444630806114e-02
7.475926456305159729e-01 2.875775914419864132e-01 2.996754104903708374e-02
7.425042836730831874e-01 2.910708601287107511e-01 3.997371826773737924e-02
7.563874753383103000e-01 2.932492153331204277e-01 3.512141295864718710e-02
7.466234451293116692e-01 3.030801527032816467e-01 3.732149622393574062e-02
7.597133579906841794e-01 3.048213359569001413e-01 3.261540186530668267e-02
7.549288350244026669e-01 3.152019354743851864e-01 2.751415847238148846e-02
7.654908913034832452e-01 3.001307464255064672e-01 3.507853355124804229e-02
7.596028470537445898e-01 3.148192576118862274e-01 3.564507254210174531e-02
7.655095317844421432e-01 3.145073173591582671e-01 4.384782802912216837e-02
7.659121992258456357e-01 3.101086141277202834e-01 3.191147293848157346e-02
7.625805788303301469e-01 3.175074004163939700e-01 5.197659365966423445e-02
7.758788837434468233e-01 3.216604320466116551e-01 5.829585133266137337e-02
7.533600966123172871e-01 3.131135223368394227e-01 4.705247560499820070e-02
