4.026417984251618454e-01 -8.522297114983679034e-02 4.417087498374258070e-01
4.159710234456405753e-01 -7.195948621315434446e-02 4.321546015327983881e-01
4.292997462912832018e-01 -5.869583733657903618e-02 4.225995065715635879e-01
4.426288419775606386e-01 -4.543249728992413555e-02 4.130446351478144207e-01
4.559574922088943105e-01 -3.216708909192441540e-02 4.034871156218944876e-01
4.697677927463270731e-01 -1.852013325218736586e-02 3.931013125522914708e-01
4.841452312168777472e-01 -4.483290396517689361e-03 3.811982963651101564e-01
4.986990770571231857e-01 9.569217277850310122e-03 3.682460599096689657e-01
5.132298808874918850e-01 2.336795174206278414e-02 3.540748260920943413e-01
5.275472884683888308e-01 3.676869855736714793e-02 3.388359256987443224e-01
5.408325640260340794e-01 4.838163531858159783e-02 3.191645433332723214e-01
5.536438880571059595e-01 5.922950336781892394e-02 2.974597954205592809e-01
5.664534788167348012e-01 7.007527538635811848e-02 2.757544010390195477e-01
5.792630650764220013e-01 8.092149702740862593e-02 2.540491150680675991e-01
5.920728722990897808e-01 9.176761050651549567e-02 2.323438248876288637e-01
6.048828778027293129e-01 1.026135298753202835e-01 2.106386072011974808e-01
6.176924194968500537e-01 1.134603826818752353e-01 1.889349949214370883e-01
6.305019026727850529e-01 1.243087773581950523e-01 1.672329674858337167e-01
6.433104298180450931e-01 1.351628518360954712e-01 1.455496249164586475e-01
6.561546976948215981e-01 1.461473572322630199e-01 1.244382325178649135e-01
6.689843128072781031e-01 1.574728013117396574e-01 1.066300608706968606e-01
6.814570976405139868e-01 1.687455030799948352e-01 9.111525190890314152e-02
6.932814848872571600e-01 1.797088751719485289e-01 7.747024232574117875e-02
7.027169171704974460e-01 1.891678601355418210e-01 6.865559235299192875e-02
7.121224656958052845e-01 1.986127523905540926e-01 5.987779556073550419e-02
7.193506667803389876e-01 2.066725890068735472e-01 5.393550591008236528e-02
7.245660849351851507e-01 2.136140376015142617e-01 5.019482851540991997e-02
7.292941642588888218e-01 2.203413800710510018e-01 4.693489528901792496e-02
7.338415653002443584e-01 2.270205556569604988e-01 4.384493681456441000e-02
7.369507999180786584e-01 2.334646803522222869e-01 4.194273772576447012e-02
7.395480770796815095e-01 2.399070422166147409e-01 4.041430426011062560e-02
7.421450820325415920e-01 2.463493356061465800e-01 3.888631842467803884e-02
7.439470516831095948e-01 2.530735432542050023e-01 3.787132370778068663e-02
7.450990835191066974e-01 2.598307144839540617e-01 3.727315481574846462e-02
7.462158749558499560e-01 2.665867676890897320e-01 3.670482308539498029e-02
7.472926767708661933e-01 2.733275061998506339e-01 3.618440822109495608e-02
7.483685928364496309e-01 2.800671531457578078e-01 3.566698674670551461e-02
7.494414237713485916e-01 2.868056563502750511e-01 3.515316970286038595e-02
7.507460097785889630e-01 2.916354979919749124e-01 3.581141570966386162e-02
7.520643588976788640e-01 2.964004322416714521e-01 3.650490937515010054e-02
7.533825016159794163e-01 3.011658495430260540e-01 3.720178377643115070e-02
7.549610108242351680e-01 3.043484564446281015e-01 3.822373575596653417e-02
7.565921238949719907e-01 3.062242084488477345e-01 3.926612827044249215e-02
7.582237459403702307e-01 3.081000133976311006e-01 4.030834899502973301e-02
7.598545937592060540e-01 3.099720972346916015e-01 4.135006372008418613e-02
7.614855894555881966e-01 3.118419311307232267e-01 4.239341478508237143e-02
7.631132357628328533e-01 3.137080597877520693e-01 4.343673998622388926e-02
7.647408989616474306e-01 3.155741466479548563e-01 4.447985492976505584e-02
7.663696510431543540e-01 3.174405915691278501e-01 4.552186452547234141e-02
7.679966503098419883e-01 3.193077063878630439e-01 4.656615902005440538e-02
