-4.507042253521125730e+01 -9.389671361502252012e-01
-4.507042253521125019e+01 -8.771014623573165636e-01
-4.507042253521125019e+01 -7.077607533670828843e-01
-4.506626326773344715e+01 -7.889634442916104717e-02
-4.493421056731877883e+01 1.352560079766014667e+00
-4.452133005584459369e+01 3.568088329117152568e+00
-4.378496602996283116e+01 6.203539595742093127e+00
-4.296391549757797890e+01 8.725735242717121309e+00
-4.202124348380083063e+01 1.106616436362659783e+01
-4.107719166846193559e+01 1.272745242088547002e+01
-3.999339221727066729e+01 1.383020311962089011e+01
-3.859443606476170885e+01 1.455722911863740876e+01
-3.707752376669896677e+01 1.487920677764518018e+01
-3.537680662050269120e+01 1.470490441325452480e+01
-3.374754520522590440e+01 1.392518572698645585e+01
-3.228087360961256991e+01 1.259185276540213749e+01
-3.110003313707522210e+01 1.086365452096073625e+01
-3.019804551994161557e+01 9.093589278114606600e+00
-2.934222037661592708e+01 7.165331388100590004e+00
-2.855493616823769898e+01 5.013091501407529904e+00
-2.807810243585660004e+01 2.910129220452141396e+00
-2.777487726694661774e+01 7.383406207464275894e-01
-2.752899339622836195e+01 -1.198430948500394777e+00
-2.718560832431435870e+01 -2.931674630696569750e+00
-2.654770123608948751e+01 -4.497788545387216175e+00
-2.548092676919983290e+01 -5.653278978668396348e+00
-2.390670879114658476e+01 -6.432854167834094028e+00
-2.212790981754196906e+01 -6.750391663364929684e+00
-2.024333416766647531e+01 -6.590225618819815168e+00
-1.830424014300394475e+01 -5.755786979410423498e+00
-1.662579680302458485e+01 -4.301692404352074561e+00
-1.507328454377122995e+01 -2.329964517047393713e+00
-1.375231797148522617e+01 -2.728063750741753779e-01
-1.259587138883800606e+01 1.770709715612092339e+00
-1.159669892134377989e+01 3.761915706059411946e+00
-1.077188791313400884e+01 5.398315546206177373e+00
-9.945205828529267933e+00 6.611106448530982505e+00
-8.997665290233321400e+00 7.443250756120505685e+00
-8.105652770708623223e+00 7.906012493448571377e+00
-7.153620173050995845e+00 8.200270386442753079e+00
-6.251639887610856761e+00 8.293095638707555395e+00
-5.326753159711046237e+00 8.002344891216509382e+00
-4.369539258201683651e+00 7.277819012811221455e+00
-3.558884514751362360e+00 6.422750844930227743e+00
-2.865212825627850179e+00 5.439127324189158230e+00
-2.262599704450963145e+00 4.296716289319853388e+00
-1.582199315369877013e+00 2.944364679314503519e+00
-9.835136235837893537e-01 1.543700169525415333e+00
-5.890775298556434336e-01 5.666864174923915698e-01
0.000000000000000000e+00 0.000000000000000000e+00
