-4.533518957102327818e+01 -2.063129907305937039e+00
-4.516886187216206139e+01 -8.388419013029784210e-01
-4.500253411088638700e+01 3.854476741984935173e-01
-4.483621409387411916e+01 1.609736974151484423e+00
-4.466973215220133397e+01 2.834318887992691938e+00
-4.396093103193160090e+01 4.683994858770228475e+00
-4.323331641066038600e+01 6.545056565407966431e+00
-4.250564405639764942e+01 8.406133656028526246e+00
-4.177778633512662054e+01 1.026713530553579190e+01
-4.104150193143447467e+01 1.212241028955287092e+01
-3.991221254810627528e+01 1.349112877480612482e+01
-3.849532196689192887e+01 1.428384845263553160e+01
-3.693492945735495425e+01 1.455545985449476909e+01
-3.533594495457949591e+01 1.430142728077408165e+01
-3.381424359845222938e+01 1.350135884364733663e+01
-3.246658782179704872e+01 1.227024218919823007e+01
-3.135355182712307354e+01 1.071904787570432660e+01
-3.063777705675759933e+01 8.839385220879298899e+00
-2.993355730916706037e+01 6.954039781731008674e+00
-2.922934830959134445e+01 5.068707934393589909e+00
-2.852512872137690536e+01 3.183358505704554364e+00
-2.782091824094162291e+01 1.298009929124184669e+00
-2.711671722920339889e+01 -5.873276066373572801e-01
-2.641252163848857748e+01 -2.472663558183438859e+00
-2.570832613918210896e+01 -4.358000933081632056e+00
-2.467380237183561675e+01 -5.618615908530556702e+00
-2.331970906757906192e+01 -6.268430437755831974e+00
-2.174341427920777647e+01 -6.358311437065883531e+00
-2.007196036660173633e+01 -5.922273584410216785e+00
-1.844272885706891074e+01 -4.956012693370531963e+00
-1.699017446870620063e+01 -3.543961156503840915e+00
-1.573882789423680606e+01 -1.894897623611626614e+00
-1.450110897844957947e+01 -2.375341461044105928e-01
-1.327576950640649400e+01 1.421660067941125538e+00
-1.206464195967650888e+01 3.077354118246894643e+00
-1.088843424965778972e+01 4.707494238660655306e+00
-9.713374106419207621e+00 6.335856133923065237e+00
-8.755337817512373277e+00 7.297463554722640744e+00
-7.850419481428416724e+00 7.858654646614538386e+00
-6.955224612281989849e+00 8.131720200497758455e+00
-6.065316364421950546e+00 8.134126785366181167e+00
-5.202751891449024946e+00 7.793694042619127238e+00
-4.406656114899773158e+00 7.142391155440088291e+00
-3.716081415897575901e+00 6.236736629184271408e+00
-3.087806768644038247e+00 5.237845685755289082e+00
-2.459550542660568606e+00 4.238944538059331357e+00
-1.831398191169979484e+00 3.239980228789324013e+00
-1.203310290936159044e+00 2.240990871309304744e+00
-5.752344920035722398e-01 1.242005654700647721e+00
5.284137547508594573e-02 2.430186461187164304e-01
