3.671506530743162955e+01 4.103448475536480089e+01
3.665544280466652083e+01 4.103448475536485773e+01
3.631693585912175593e+01 4.103448475536475826e+01
3.500537937811576228e+01 4.103454485456747136e+01
3.268981760460079045e+01 4.109253114859598099e+01
2.983769169457164594e+01 4.128596354146121428e+01
2.678930044476399530e+01 4.156737421662785437e+01
2.394117710189057391e+01 4.172342517120121386e+01
2.081041227780585245e+01 4.175438799668694401e+01
1.760789029330925359e+01 4.175438799668694401e+01
1.417418796303329032e+01 4.175281633490295974e+01
1.038495684749781844e+01 4.162066987859380163e+01
6.734598159980492937e+00 4.099998648204314122e+01
3.077274071162790392e+00 3.937752159343581582e+01
2.776238241085593472e-02 3.679003013882304174e+01
-2.200141372841287080e+00 3.360123856291654931e+01
-3.263089307782919946e+00 3.027036531736887071e+01
-3.046024216394314976e+00 2.755118556941125973e+01
-1.958384133359871271e+00 2.521091032482371475e+01
-3.673729379183043875e-02 2.321136456965335526e+01
2.430496081861051039e+00 2.177931123669276303e+01
5.695649508861805543e+00 2.078252007525163947e+01
9.441573283868066824e+00 2.015913185448276579e+01
1.358529552000300100e+01 1.972852076957349254e+01
1.802660237307593150e+01 1.948183802574904178e+01
2.214747880189041496e+01 1.932472940408167972e+01
2.632105628378887729e+01 1.903638799580650698e+01
2.988048669036263050e+01 1.840079402368762373e+01
3.275370960503310869e+01 1.729517511813558883e+01
3.488019996248203825e+01 1.577850588061625103e+01
3.621412424152688914e+01 1.409131935386656664e+01
3.713034908534558554e+01 1.202532258956841815e+01
3.751503054862511988e+01 9.834875729232038566e+00
3.719647804469347818e+01 7.605299184555221359e+00
3.613311766312331486e+01 5.402123724043960351e+00
3.455219721658100696e+01 3.731778356824932530e+00
3.263984035938048578e+01 2.490753444954222573e+00
3.040496922521131751e+01 1.570677544195902442e+00
2.808183411642009730e+01 8.691711397719714682e-01
2.524447868410713625e+01 3.150555914437660476e-01
2.236374363537187548e+01 -5.292707749747194157e-02
1.949239723875999175e+01 -2.313143448177754635e-01
1.645913222024776701e+01 -2.798452192396752025e-01
1.303016022626850656e+01 -5.202768474261887377e-02
8.800980949949362753e+00 2.335687003982584997e-01
4.700526114359902863e+00 3.537765685217948430e-01
1.467916082100998665e+00 3.590224869285378873e-01
-2.650835512247766701e-01 3.311151416246644885e-01
-5.180007740553236317e-01 2.287108435187263922e-01
0.000000000000000000e+00 0.000000000000000000e+00
