3.817659936535060439e+01 4.091375308793934096e+01
3.664971737909332461e+01 4.103457396092303355e+01
3.512284259682583354e+01 4.115538659825606516e+01
3.359595074062045938e+01 4.127619478353465610e+01
3.206897321373738663e+01 4.139702782851261276e+01
2.937729761328978384e+01 4.151483302912488682e+01
2.640025960016699003e+01 4.159424339550579930e+01
2.341406664224775724e+01 4.167016514168425800e+01
2.028719380906569114e+01 4.165703369813779489e+01
1.705606441895973191e+01 4.153658641083019631e+01
1.376048439168520687e+01 4.130236178037063155e+01
1.040385048561561376e+01 4.081629115663727703e+01
7.074391416499221208e+00 3.984053411756841001e+01
3.985487431071562892e+00 3.822174688074794346e+01
1.340725216545362253e+00 3.604838336704840884e+01
-8.032220305728667853e-01 3.354715015624515928e+01
-2.142369787150565585e+00 3.082489085706461651e+01
-2.391816098658494205e+00 2.811863404860380911e+01
-1.571060484669924762e+00 2.568396535334105124e+01
1.937548470522390820e-01 2.367320171000376661e+01
3.044288303627354253e+00 2.233377981383154065e+01
6.712973245329357574e+00 2.163862586086984763e+01
1.038169387893619522e+01 2.094349214487962385e+01
1.405041802344035595e+01 2.024834714461935903e+01
1.771914230830907044e+01 1.955320169250519058e+01
2.138787824081380862e+01 1.885804835471077823e+01
2.505662002627117246e+01 1.816288764906270004e+01
2.872535036062453884e+01 1.746769522299211630e+01
3.239405252303659921e+01 1.677247408656533878e+01
3.472765369411541059e+01 1.542268555436887567e+01
3.613936373050308504e+01 1.367843410955670613e+01
3.692673542097837469e+01 1.173086162730738380e+01
3.715810732928171944e+01 9.687467224440640123e+00
3.681571518955143318e+01 7.649104341813038666e+00
3.591472948815418675e+01 5.729588992010677728e+00
3.447876029286086919e+01 4.040215767583079653e+00
3.256066532980124606e+01 2.664219738300231288e+00
3.026414744482292818e+01 1.620290455042018518e+00
2.771035364972335913e+01 8.641777636494974990e-01
2.498002412758630797e+01 3.684691616099721179e-01
2.209933496616932658e+01 2.023787009256540759e-01
1.919223576284343480e+01 1.480525619027676654e-01
1.628511575604015249e+01 1.124805986935665525e-01
1.337871313805858442e+01 7.971844631510288659e-02
1.047238498309125809e+01 4.702966606485273204e-02
7.566298101085666694e+00 1.450457066797093339e-02
4.881747396670405692e+00 7.309007236940559538e-02
2.197234913402855039e+00 1.316786315132585372e-01
-4.872473257374753119e-01 1.902717308053827605e-01
-3.171728516757990057e+00 2.488633596048825669e-01
