5.941287505213623810e-01 -2.670631756686486780e-01 2.621064252904732883e-01
5.941448934948553307e-01 -2.646130403381782292e-01 2.617812754545484344e-01
5.941860489214035868e-01 -2.512088226809077729e-01 2.599406052854068006e-01
5.941662359162752649e-01 -2.223781307366427262e-01 2.557455294334493590e-01
5.940453554136678749e-01 -1.834802660521430429e-01 2.496100676901306936e-01
5.939206459501464863e-01 -1.382981488657740177e-01 2.417400132625495413e-01
5.940410942150137208e-01 -8.985517448327344503e-02 2.322394544302830710e-01
5.946849239421369004e-01 -4.735881591719393741e-02 2.226699696507352666e-01
5.961606362760208944e-01 -9.317036039906840747e-03 2.125120000535258014e-01
5.984260505474920944e-01 2.026298330624180105e-02 2.027333354557477318e-01
6.014814413416085248e-01 4.445653739013567807e-02 1.925150799656678846e-01
6.053789105093396739e-01 6.588467288656384147e-02 1.807602943931385653e-01
6.096196599472445410e-01 8.407351110882119172e-02 1.681002823021834069e-01
6.146958353106557471e-01 1.017969505583193185e-01 1.530217675161500146e-01
6.204799147595675413e-01 1.173950626097674671e-01 1.371001539168768268e-01
6.277929744620482921e-01 1.311209001546901065e-01 1.200550612963866282e-01
6.378317151253816153e-01 1.425704724259100054e-01 1.015503187240080624e-01
6.499957268604013016e-01 1.498397525004887543e-01 8.413643839972913263e-02
6.643446519304421205e-01 1.531323749381638955e-01 6.793777762852813706e-02
6.804879751453405401e-01 1.525451586749221045e-01 5.342770200570733791e-02
6.951378575205151567e-01 1.491254225135669742e-01 4.288065727631751312e-02
7.080485859760158318e-01 1.440285632568642782e-01 3.554238258834336445e-02
7.172155174122991639e-01 1.389655284023876558e-01 3.168966894241248555e-02
7.234634854353102495e-01 1.344414316373541141e-01 3.007201903192304598e-02
7.276275002861304353e-01 1.306263241015230281e-01 2.981638787786940192e-02
7.301745922188382920e-01 1.279451309802759063e-01 3.019599782894979295e-02
7.321229840434499980e-01 1.260202511886329424e-01 3.073202944989358518e-02
7.337118857667466187e-01 1.248360120101953824e-01 3.114684305715488891e-02
7.352155092550510807e-01 1.240629261525405536e-01 3.141347081456648954e-02
7.367188365328571908e-01 1.234871880721700593e-01 3.154297272785126782e-02
7.381432476984005620e-01 1.230160625383481671e-01 3.152820274522406818e-02
7.395538522071333221e-01 1.224915393336420549e-01 3.135580694751514963e-02
7.410842642603926445e-01 1.219051224285306739e-01 3.103721440319471767e-02
7.426839850610466032e-01 1.212097131611313272e-01 3.059801295857601452e-02
7.445764048850589401e-01 1.203514633085497748e-01 3.008274533687323865e-02
7.465743250157655941e-01 1.194057886689363357e-01 2.962982315935359934e-02
7.487199098981218714e-01 1.183456342442150561e-01 2.926825339969660322e-02
7.510472446335754171e-01 1.171521764609806948e-01 2.897177447587341234e-02
7.532361244277900880e-01 1.160199868994035433e-01 2.870950966680742289e-02
7.553884585033394661e-01 1.148673746367455950e-01 2.841380833368304173e-02
7.571851260170716635e-01 1.138564777312254389e-01 2.813969628985168656e-02
7.586649927104356372e-01 1.129168519002163307e-01 2.792254924482015510e-02
7.598884468468372066e-01 1.120121601765655950e-01 2.779466227699415454e-02
7.608263999546511780e-01 1.112404326869583099e-01 2.776800098974028380e-02
7.616935928635898412e-01 1.105549409509875430e-01 2.780471120819492242e-02
7.624789289954565508e-01 1.100513209404096748e-01 2.786015793642776170e-02
7.632162049118225156e-01 1.097156087523289136e-01 2.789012541659211322e-02
7.638419796737815348e-01 1.095368528778747352e-01 2.788868157049371674e-02
7.641807820524076922e-01 1.094853078292164217e-01 2.786388039976571418e-02
7.642554681910360692e-01 1.094815942048681656e-01 2.786042680249568165e-02
