5.910715518225452270e-01 -2.919767299595599219e-01 2.725843337116308218e-01
5.918032455305406447e-01 -2.583136614437502865e-01 2.651782791194867150e-01
5.925350671288872606e-01 -2.246503073919980664e-01 2.577719728441477676e-01
5.932688782237157676e-01 -1.909844072062450437e-01 2.503700814581459322e-01
5.940042622970355124e-01 -1.573000301298510539e-01 2.429620123077543825e-01
5.947797965482994886e-01 -1.235112273563181151e-01 2.354265560588087169e-01
5.955595645002513816e-01 -8.971917635047586825e-02 2.278852641290268766e-01
5.963400926508700683e-01 -5.592758362074942008e-02 2.203444170419168457e-01
5.971241460743939022e-01 -2.213911521686431558e-02 2.127909181549135775e-01
5.979298993168586929e-01 1.160689795938142470e-02 2.051984626576989490e-01
6.004641277984876790e-01 4.044066450522810358e-02 1.944237309004088199e-01
6.046749465206977536e-01 6.374859678242027206e-02 1.809153089267259984e-01
6.096271682110855350e-01 8.459079762908162936e-02 1.663786065719357887e-01
6.156974139116395683e-01 1.025131105699199768e-01 1.507144702081399668e-01
6.227477283077494929e-01 1.182697586695529157e-01 1.344140640974031131e-01
6.310982144952951289e-01 1.314700725573886009e-01 1.176991043784166718e-01
6.423564960637544452e-01 1.391945137124984411e-01 1.010804961852392186e-01
6.536309209352373362e-01 1.468743429537174849e-01 8.447387522966154361e-02
6.666444911711129073e-01 1.492374063937348394e-01 7.022068643284443135e-02
6.799752023649423549e-01 1.491132212239958121e-01 5.770994513644367441e-02
6.930102715803706515e-01 1.471608605853994001e-01 4.712360893019661157e-02
7.049112564271931003e-01 1.436343590898402078e-01 3.903395171136996022e-02
7.148833572252861757e-01 1.392693741598395596e-01 3.361888783927884788e-02
7.217910778801518434e-01 1.348675807228005841e-01 3.119429390627052878e-02
7.264323010651495549e-01 1.312219243291412041e-01 3.045131151106861972e-02
7.296870767372835020e-01 1.284853862587574946e-01 3.040561192702694038e-02
7.316840486246368735e-01 1.269817654743155555e-01 3.059622356750357416e-02
7.333549149192983840e-01 1.259460117162217452e-01 3.076753096983921715e-02
7.350030620172420814e-01 1.249444219860080113e-01 3.092258333533771247e-02
7.366284088165698796e-01 1.240181755267628222e-01 3.101139542335793614e-02
7.382660657968752593e-01 1.231536493860843212e-01 3.102339431569767561e-02
7.399437917232245532e-01 1.223333379571486246e-01 3.092484664202576478e-02
7.417088184353578528e-01 1.215053062344705753e-01 3.068588744807615801e-02
7.435155336142543758e-01 1.206481710476623170e-01 3.039716715054132518e-02
7.453522959724131480e-01 1.197669756963742060e-01 3.009034729180487186e-02
7.472162116835735501e-01 1.188519392195338809e-01 2.977290942896925613e-02
7.491018627186196710e-01 1.179025025499251950e-01 2.945796974564611481e-02
7.509891616465105280e-01 1.169459823105032520e-01 2.914390335650840838e-02
7.528752099069168091e-01 1.159888225192169248e-01 2.883003054067980950e-02
7.547555363655356064e-01 1.150259716918437397e-01 2.851855573485391829e-02
7.566277919390179685e-01 1.140601176799086180e-01 2.821102028384200530e-02
7.582528521851980008e-01 1.131116676621655576e-01 2.799033186373851151e-02
7.595765683370392374e-01 1.122295672245296888e-01 2.787591617921210060e-02
7.607164207504211184e-01 1.114318188080124367e-01 2.782164879395664786e-02
7.617860634688394805e-01 1.106822555558433369e-01 2.778814820829536916e-02
7.624566656921542007e-01 1.102637591749085905e-01 2.780264096695713241e-02
7.630033507098494816e-01 1.099772350786234199e-01 2.782494885149738514e-02
7.635430597719957690e-01 1.096990978433671771e-01 2.784679886904380466e-02
7.640731391253772209e-01 1.094269006118055720e-01 2.786629755075746909e-02
7.646045115612392085e-01 1.091554467143878160e-01 2.788667667180687315e-02
