4.273361755279661001e-01 -5.360022008135507943e-02 4.357342763940087460e-01
4.296739321737493844e-01 -4.991151384808883984e-02 4.316873358132785055e-01
4.320119099664677109e-01 -4.622277110311931447e-02 4.276403937084732876e-01
4.343498256151973602e-01 -4.253318638755261560e-02 4.235939644981836505e-01
4.366888412624936322e-01 -3.884375842974071430e-02 4.195478384635660807e-01
4.390471913019254879e-01 -3.512518547827294529e-02 4.154591155491914600e-01
4.423766672084830653e-01 -3.010524771519897461e-02 4.097395432554820083e-01
4.475032309343264791e-01 -2.266306314663641200e-02 4.009251699320660056e-01
4.541649638343824846e-01 -1.345798531102509847e-02 3.896114233804333638e-01
4.611443929637467076e-01 -3.923123682172490953e-03 3.777815432001457308e-01
4.707590156217304478e-01 7.657849181758075163e-03 3.621412067308313332e-01
4.806683485671282563e-01 1.937199827703577071e-02 3.461231445777830373e-01
4.925830977057799598e-01 3.142459233167664567e-02 3.277833953061588534e-01
5.046473978496560653e-01 4.345608852947076967e-02 3.093050663164318981e-01
5.167823254485195417e-01 5.545457265700431959e-02 2.907685050617440092e-01
5.300884576359494726e-01 6.672505274832800370e-02 2.714860313776122358e-01
5.434485322340542046e-01 7.794959797006596747e-02 2.521811389525870362e-01
5.568860667086156235e-01 8.907726732353979382e-02 2.328662593731416208e-01
5.705656489406475407e-01 9.979506880110956824e-02 2.135804912183671411e-01
5.847062061642667175e-01 1.093267341299259121e-01 1.946041321152177650e-01
5.989217127514639971e-01 1.184403723287058285e-01 1.758442428648429590e-01
6.131865813965617917e-01 1.268388949666971188e-01 1.575696004537182060e-01
6.272101886925113279e-01 1.329319317786358257e-01 1.411739747188025806e-01
6.411285000582407356e-01 1.386865952863347295e-01 1.251108490003923490e-01
6.544911614578324821e-01 1.431286497647841216e-01 1.105677724838284165e-01
6.670345346907149420e-01 1.460742270781097973e-01 9.801971043683871398e-02
6.790003049830044546e-01 1.481447750723228207e-01 8.671056925938348814e-02
6.902240239715794479e-01 1.492987916622767752e-01 7.687904859532838919e-02
6.999103439326987974e-01 1.487882823439423408e-01 6.989767155214463012e-02
7.093510066876018705e-01 1.480243650009144263e-01 6.336508496356491049e-02
7.185659500874569394e-01 1.470712935468409255e-01 5.719140143788632724e-02
7.258947347134960815e-01 1.449462744772726519e-01 5.370577957884093562e-02
7.326433330223512952e-01 1.425387869505378158e-01 5.097488051138771015e-02
7.381575221251522878e-01 1.397442003364720575e-01 4.970245497449585215e-02
7.431410435291350147e-01 1.368632974882802722e-01 4.897700967095285768e-02
7.473585914377016692e-01 1.337772132954244408e-01 4.905604622640671875e-02
7.509949171190161143e-01 1.306318210915283218e-01 4.969648025208281417e-02
7.543969147882857440e-01 1.274832379188655662e-01 5.051723703783320141e-02
7.571147820212570378e-01 1.244655214747142497e-01 5.175465779908577230e-02
7.593535145255737584e-01 1.216431354960031408e-01 5.318905952725680453e-02
7.610378726785487213e-01 1.191195050436906905e-01 5.476501890571673636e-02
7.625842895686523182e-01 1.166871186913032432e-01 5.634293653879343666e-02
7.638466159261457777e-01 1.144836482015354762e-01 5.787809269013812624e-02
7.649007278161883416e-01 1.125028185782538659e-01 5.930839568708961423e-02
7.651931537078972001e-01 1.116480207869950531e-01 6.009208362697241596e-02
7.654455111475686468e-01 1.108741855570159196e-01 6.082581224399553205e-02
7.656980894712283048e-01 1.101000572297924918e-01 6.155923270163993904e-02
7.659480959647712028e-01 1.093267888004017530e-01 6.229114341535901822e-02
7.661983540865608955e-01 1.085534135772417696e-01 6.302333108022126207e-02
7.664487063929057431e-01 1.077802652747980039e-01 6.375521126572177011e-02
