4.375568048562821777e-01 -5.606631177517300280e-02 4.222426632631131049e-01
4.265350973469232976e-01 -3.638332654010644623e-02 4.349836394957982133e-01
4.338151863618007753e-01 -4.817330342770141660e-02 4.267214485069196761e-01
4.294880920921528289e-01 -4.203117757019939060e-02 4.239461629017560740e-01
4.388839402381915500e-01 -4.108734939382863161e-02 4.228868660568574356e-01
4.362328632753545432e-01 -3.466238118672339968e-02 4.167821166378061215e-01
4.432731551347215415e-01 -3.038978800074884634e-02 4.085310388724943675e-01
4.464780670768441206e-01 -2.345272804252650570e-02 4.020379295554254995e-01
4.536991344395860937e-01 -1.315469652663681446e-02 3.907446866874675906e-01
4.607608517159041961e-01 -5.183452423362599169e-03 3.793654576160771508e-01
4.705108345577068141e-01 5.259168508140533820e-03 3.631541680826366747e-01
4.800482125458313543e-01 1.701829286011850503e-02 3.474589014182378754e-01
4.903002095676201044e-01 2.897705196511759368e-02 3.311761499296725364e-01
5.032018190033539229e-01 4.435043255805511814e-02 3.104877327235547324e-01
5.147109116469829049e-01 5.452188215307821051e-02 2.936487240321071224e-01
5.288744497641418851e-01 6.687497491329839894e-02 2.727556790366263972e-01
5.437948983336642339e-01 7.961839170454500236e-02 2.509854185412571104e-01
5.563038285548567163e-01 8.998340333811390146e-02 2.327480038650287519e-01
5.713285247125732269e-01 1.020930425864353813e-01 2.113063135764200184e-01
5.855841976907504298e-01 1.106182367208206480e-01 1.929444573690189402e-01
6.007854482561367782e-01 1.194961027249012014e-01 1.737813695818834769e-01
6.158770904187939044e-01 1.279445948098347496e-01 1.548179390192202520e-01
6.283362082178189922e-01 1.331796199582112594e-01 1.402307326419001410e-01
6.422535552588034546e-01 1.384739675576048823e-01 1.240590166393764210e-01
6.551592654225812939e-01 1.427178917113818279e-01 1.096201158632672396e-01
6.668602301545972777e-01 1.462271682062194211e-01 9.768226031363662354e-02
6.787679825687186197e-01 1.487964402312464685e-01 8.676643852740432983e-02
6.893988800996527777e-01 1.500442806553765329e-01 7.658544249624030242e-02
7.002460420215950165e-01 1.511790789059378193e-01 6.915028787097102225e-02
7.085117593722677354e-01 1.476077391254007054e-01 6.134383360226913773e-02
7.191969427965528849e-01 1.492237311933445609e-01 5.863525729949915777e-02
7.241884656035229018e-01 1.425340154130981529e-01 5.199917601985899751e-02
7.343797028088451251e-01 1.454375077862844756e-01 5.343426279461010314e-02
7.361920819269637262e-01 1.369217474714822524e-01 4.541119948067279949e-02
7.463078246355674406e-01 1.401698249219717196e-01 5.229731783766722319e-02
7.450105278817865662e-01 1.301980304443394465e-01 4.669062317225277509e-02
7.521116556884285265e-01 1.330606034159018403e-01 5.163628608490701544e-02
7.533440488612387353e-01 1.255979703097194755e-01 4.970001079636774538e-02
7.598295329402070530e-01 1.261598530292181441e-01 5.223271565712196002e-02
7.576084498857073024e-01 1.183633853023300653e-01 5.145892835874697757e-02
7.637287460387685023e-01 1.204981938178439904e-01 5.560654543684953599e-02
7.634180391998134363e-01 1.164253683648721477e-01 5.549751294375842442e-02
7.665975630570456278e-01 1.145146426565300107e-01 5.826149655492592061e-02
7.598756696438583313e-01 1.121419214665262953e-01 5.942291739606619938e-02
7.671060866022654245e-01 1.105290159546937767e-01 5.910742522725596915e-02
7.644916992759229757e-01 1.133897074735327748e-01 6.213568540986958572e-02
7.683728515027363759e-01 1.075581092045768544e-01 6.167416426672082258e-02
7.651338617615250914e-01 1.086473430315576666e-01 6.397776760505673177e-02
7.848483214788446460e-01 1.013386105383759783e-01 5.217811626113753182e-02
7.472105165502578306e-01 1.153233682624092565e-01 7.482484441891061600e-02
