5.931879538887581127e-01 -2.759336773516288810e-01 2.553795134312202841e-01
5.941480140646563379e-01 -2.730938568747681705e-01 2.547426233345875812e-01
5.991954521820886947e-01 -2.579248097448164079e-01 2.513140273847399020e-01
6.094350890057654846e-01 -2.264172975363753504e-01 2.440489729163189958e-01
6.222669302468477603e-01 -1.856310045660370112e-01 2.342829504152233455e-01
6.359398433517980953e-01 -1.401378467267049843e-01 2.227085993326886060e-01
6.492208142729094522e-01 -9.275972857128322868e-02 2.095097920532389413e-01
6.597100342441650778e-01 -5.130762114396398427e-02 1.965513202992447139e-01
6.681141141209505641e-01 -1.303988693447225185e-02 1.830267229427061382e-01
6.738877128947293738e-01 1.849321780844084481e-02 1.706481649370436560e-01
6.779668252902277814e-01 4.594307456361206715e-02 1.591618306257415461e-01
6.809493729999696043e-01 7.117155897548317622e-02 1.484006536719636171e-01
6.829334235557958932e-01 9.232214623398726783e-02 1.394616923535876851e-01
6.844125917998025166e-01 1.119391314701204121e-01 1.311414875344404374e-01
6.855279539336198713e-01 1.285744634699645395e-01 1.236568913914829343e-01
6.866958264187947858e-01 1.436410776848426885e-01 1.159740990235767627e-01
6.883854751888692780e-01 1.581248937500326912e-01 1.072104461188854579e-01
6.908002789827450973e-01 1.707985301596180450e-01 9.810145252309356023e-02
6.942572585539771302e-01 1.823894780298542517e-01 8.855076722287895385e-02
6.990765952989108634e-01 1.933952407486938807e-01 7.869132077838332517e-02
7.046085972162474675e-01 2.028443427085206974e-01 7.016661880232756554e-02
7.109627745821446299e-01 2.117848732996599481e-01 6.273972942362116001e-02
7.169985376164175195e-01 2.193732022164956164e-01 5.738936682229579117e-02
7.225135479892944579e-01 2.259549348164053562e-01 5.364360836962731027e-02
7.273514520359329882e-01 2.316462196574164134e-01 5.110212837256711271e-02
7.308944833246192596e-01 2.358862923056967431e-01 4.961740394937764337e-02
7.335720110285152140e-01 2.392954493624713241e-01 4.867800537605995043e-02
7.353746435775643242e-01 2.419208741333603863e-01 4.813161761414386924e-02
7.367657366220996540e-01 2.443773713130435454e-01 4.778111882486834466e-02
7.381133400971879865e-01 2.471859755791151192e-01 4.752520785519925156e-02
7.395296431338910237e-01 2.503178166549872019e-01 4.729382004973946979e-02
7.413100515191506368e-01 2.541468673207149531e-01 4.693065673654097519e-02
7.433466151757237572e-01 2.582305422498550884e-01 4.634083188995880009e-02
7.457057287483458419e-01 2.625982324723487582e-01 4.545861502733403170e-02
7.484333851005298133e-01 2.673181187345143317e-01 4.430332807722481281e-02
7.511040726724003136e-01 2.717961155695693964e-01 4.318659438732577738e-02
7.536546678801727683e-01 2.761509105390258512e-01 4.228392792348436430e-02
7.560327595223573782e-01 2.805047647148913303e-01 4.174128739523610965e-02
7.579348545729788222e-01 2.843851259005144572e-01 4.163812795007141437e-02
7.595706366199952431e-01 2.881420786458506189e-01 4.184593633971776805e-02
7.608624465342975762e-01 2.913854104774283305e-01 4.216498820474196690e-02
7.619916059925492258e-01 2.942720814928431738e-01 4.243764311309698722e-02
7.631164895361163270e-01 2.969202817642206393e-01 4.254592410059805652e-02
7.642396386936566310e-01 2.991226789731836200e-01 4.240565860196327669e-02
7.655508998041911095e-01 3.011554411128024022e-01 4.198437629708699076e-02
7.669072629332159829e-01 3.028346159233590296e-01 4.137523750697855857e-02
7.682322251456078499e-01 3.042071200676311760e-01 4.068987157787318926e-02
7.693413027366039492e-01 3.052098553199532049e-01 4.008018231471066617e-02
7.699151295549385710e-01 3.056809507033635409e-01 3.975829803053556460e-02
7.700349891938639280e-01 3.057736473041905434e-01 3.969097284085792293e-02
