5.944642913125557371e-01 -2.962776580220833345e-01 2.673339670269828661e-01
6.027381210350946095e-01 -2.623912396004501879e-01 2.568239880102408113e-01
6.110121544599014243e-01 -2.285048140634106939e-01 2.463144811253971944e-01
6.192876195556655805e-01 -1.946174190076897237e-01 2.358052534595005967e-01
6.275583638144075493e-01 -1.607221606524069091e-01 2.252957664927414672e-01
6.358263436863645923e-01 -1.268174138187068145e-01 2.147828905422665968e-01
6.440905329474250207e-01 -9.291135296721224346e-02 2.042684976304875999e-01
6.523505127752612376e-01 -5.900883171938003935e-02 1.937468453098729615e-01
6.605786882738539090e-01 -2.512774897981280911e-02 1.832081887463418712e-01
6.687475083240473905e-01 8.716124413003751431e-03 1.726546437574085768e-01
6.766527393951065061e-01 4.223265398855386571e-02 1.620316855606313000e-01
6.800281739938170977e-01 6.752520250336904728e-02 1.516549217499541524e-01
6.827342916732606071e-01 9.094834930234727000e-02 1.415170536035900151e-01
6.843519283819947674e-01 1.089043323403249691e-01 1.322830163581071306e-01
6.859721146340812536e-01 1.267659729823209513e-01 1.230660506311043595e-01
6.876060742555614169e-01 1.443228817467315517e-01 1.138483831328461621e-01
6.901509254877501442e-01 1.583959398376955374e-01 1.048316076985804229e-01
6.933557689950347047e-01 1.709290365168300574e-01 9.594613523896775020e-02
6.966117165331771055e-01 1.833861360224719739e-01 8.706448864536836529e-02
7.014917498151025388e-01 1.928757590205632533e-01 7.938965314467733014e-02
7.063966169154942687e-01 2.023181225728354626e-01 7.174660057906334654e-02
7.113909310205762671e-01 2.115061453100137712e-01 6.431346792505801546e-02
7.166710420220603339e-01 2.182498706606180450e-01 5.940155676169054516e-02
7.219158555551296041e-01 2.248677474132524945e-01 5.460336473827860637e-02
7.264558660749156349e-01 2.302760651599649877e-01 5.135650946614504081e-02
7.293192114381974456e-01 2.341874288383421487e-01 5.008747128265728099e-02
7.316822859957489156e-01 2.378106252208820048e-01 4.928379193291715366e-02
7.339932982975116982e-01 2.414286786573471844e-01 4.853255384560841573e-02
7.362056554974765188e-01 2.450711600689864100e-01 4.784918056909095996e-02
7.383618225149315428e-01 2.487579786563313133e-01 4.720906486737045521e-02
7.404794011514335139e-01 2.525098380409457333e-01 4.659385880983644285e-02
7.425895322840521118e-01 2.563332612670500277e-01 4.600191152146727164e-02
7.446933446741647034e-01 2.601817536549400067e-01 4.541878362812942771e-02
7.467949224553376286e-01 2.640545429232639130e-01 4.484645213145247583e-02
7.488953029048276422e-01 2.679306327725079484e-01 4.427783855332885488e-02
7.509931671687086752e-01 2.718078893981267785e-01 4.371406173842305731e-02
7.530839081174753868e-01 2.756927490421636207e-01 4.316575667186970527e-02
7.551053585483141761e-01 2.795562627653890853e-01 4.272540023882943211e-02
7.570109904306266957e-01 2.833457991225230010e-01 4.241048271078792092e-02
7.587608501455693766e-01 2.869652342646077936e-01 4.222843337330766528e-02
7.604502079047360530e-01 2.904842146667950264e-01 4.209158992443166880e-02
7.620125298929026902e-01 2.938010391332217530e-01 4.205646974964390161e-02
7.635213114446874894e-01 2.969719885148865979e-01 4.201883562650790549e-02
7.647388223368221105e-01 2.992657838557014616e-01 4.189974978430186653e-02
7.657584125115629581e-01 3.007337615218819704e-01 4.156698298789385237e-02
7.667446512066836695e-01 3.020636553689428072e-01 4.120330612818322302e-02
7.677117406284579282e-01 3.033591572333659836e-01 4.083087336980040921e-02
7.686518080131925501e-01 3.045988896953633618e-01 4.044702786370524272e-02
7.695925142047599365e-01 3.058323677749850145e-01 4.006457670222826617e-02
7.705331839216952305e-01 3.070646122990582927e-01 3.968227651630474445e-02
