4.341448971896836873e-01 -4.535927287907200178e-02 4.178943378247571006e-01
4.434221709987311022e-01 -2.954571935186339066e-02 4.096356936268188975e-01
4.433553590387704912e-01 -2.967816913317910046e-02 4.096709199125390666e-01
4.576070501421777292e-01 -5.603146966521044443e-03 3.963344024390533793e-01
4.760827257163323667e-01 2.321598774222741191e-02 3.773290750909517044e-01
4.948765346827498357e-01 5.130143465969774080e-02 3.560168426637315142e-01
5.130233027508386279e-01 7.903472038902177588e-02 3.353125106355246410e-01
5.303303841888229453e-01 1.012322271817018837e-01 3.122534959283418399e-01
5.446760064077620367e-01 1.185207370254136722e-01 2.892084417754092751e-01
5.568517049118296702e-01 1.306863214788129557e-01 2.663444492799637020e-01
5.679153633569358206e-01 1.407168199022993393e-01 2.443874768592572133e-01
5.774873169045222632e-01 1.486896472903196653e-01 2.245437457285899829e-01
5.890033980121240909e-01 1.566599458071167295e-01 1.990837013950615408e-01
5.990995830302923153e-01 1.616078589295933399e-01 1.798743858857610733e-01
6.090068891146640517e-01 1.663631990852965647e-01 1.573084242416203371e-01
6.202996823123401171e-01 1.702717898403441066e-01 1.348146769362773556e-01
6.319197252607230419e-01 1.721718733443099725e-01 1.156782459793033041e-01
6.445040635240946170e-01 1.721349212382440319e-01 9.566939410800345822e-02
6.559083952564606079e-01 1.698226581985332884e-01 7.847717092982198217e-02
6.683884186909788694e-01 1.668107820319896795e-01 6.357835997977644149e-02
6.789199933186824687e-01 1.618211206817496139e-01 5.292199654983476692e-02
6.870549096202643868e-01 1.568939664436612702e-01 4.560222616642180954e-02
6.931339509154245127e-01 1.526120047875557384e-01 4.171577159716246402e-02
6.976862185903034419e-01 1.494416495077002249e-01 3.934056760159874988e-02
7.013653700956217207e-01 1.470199647283103317e-01 3.775144023411058231e-02
7.044350707274418255e-01 1.452213762113188922e-01 3.636324359666192468e-02
7.075585575023785045e-01 1.439083926478486875e-01 3.587791460693813550e-02
7.096862295546715327e-01 1.423193084204543157e-01 3.527506191448789852e-02
7.124432149596341413e-01 1.409195481513216830e-01 3.466172900009631408e-02
7.148525112148116367e-01 1.394382809808440982e-01 3.427060562042606034e-02
7.167720594114881383e-01 1.381361708119146214e-01 3.415553242993727562e-02
7.196378453682329424e-01 1.365482647396214777e-01 3.390572310305946940e-02
7.223129927260170113e-01 1.351056703717293250e-01 3.381473064443146076e-02
7.251470596671684143e-01 1.341714011696644726e-01 3.396525277583776342e-02
7.279195477411589676e-01 1.325159347720772929e-01 3.397670702194317133e-02
7.309371979328499469e-01 1.307576670854797563e-01 3.338503935609388185e-02
7.342749712763417813e-01 1.293341177495118954e-01 3.284979993532792519e-02
7.371781357767441811e-01 1.278017613887574011e-01 3.298090115262233835e-02
7.400192765417776819e-01 1.266073229376408205e-01 3.304409026475361305e-02
7.425169526649849638e-01 1.252032989800442864e-01 3.332307173253329369e-02
7.451996141916537031e-01 1.235782654282425452e-01 3.364649463413183633e-02
7.475310365065920282e-01 1.218713307786381400e-01 3.405669123258349418e-02
7.503153531695058165e-01 1.197712472441143650e-01 3.406316781321455656e-02
7.529479951934409110e-01 1.180389050583808552e-01 3.412424010446377803e-02
7.560777129422562304e-01 1.164075468002020025e-01 3.434031995424367822e-02
7.589707598653834264e-01 1.145273290924174736e-01 3.439487785744257953e-02
7.612686906896695138e-01 1.131101271564709104e-01 3.492567182535561560e-02
7.624387870765834130e-01 1.125053907302606543e-01 3.510726230508162682e-02
7.611974130154234297e-01 1.135371863281206262e-01 3.528757686078357741e-02
7.612092816148502417e-01 1.135363751668472532e-01 3.524767909352197193e-02
