4.264410050036645528e-01 -4.918297926965042866e-02 4.368281430739758830e-01
4.407995787013910260e-01 -2.849018830487091633e-02 4.188094403688714662e-01
4.551581044361135975e-01 -7.799147305861029410e-03 4.007952264050897995e-01
4.695180806183810729e-01 1.289203174693433207e-02 3.827806309649156580e-01
4.838776408510931937e-01 3.358300483366485900e-02 3.647670727859245177e-01
4.982335382925427436e-01 5.427159563283338872e-02 3.467495747671976991e-01
5.125907674187049068e-01 7.495072450791449847e-02 3.287155575630630877e-01
5.269616996850349233e-01 9.550476282622431812e-02 3.105440442948332325e-01
5.413188546545832924e-01 1.158247854088577111e-01 2.922149527182100748e-01
5.539115417871582903e-01 1.289251756417407468e-01 2.703160712377865593e-01
5.653606813241287554e-01 1.381763348614883924e-01 2.474797315181577750e-01
5.767525813579630345e-01 1.472244512699859842e-01 2.246032973437903646e-01
5.881136514130191895e-01 1.561391102122017538e-01 2.017279760772487385e-01
5.992701530923555397e-01 1.610088783846970184e-01 1.795158640166511776e-01
6.104269789610332619e-01 1.658596884893301371e-01 1.573078674461132198e-01
6.215879123289629327e-01 1.706720981493428102e-01 1.351159394927909929e-01
6.330069172994202686e-01 1.726654984971012496e-01 1.147874605632374645e-01
6.445331375169061072e-01 1.716361774449664257e-01 9.710522157868846371e-02
6.560630381773430164e-01 1.706013334386777269e-01 7.942666736295092567e-02
6.669209981557033817e-01 1.674511889554333999e-01 6.522802728849569354e-02
6.769480505346500143e-01 1.634640413912054613e-01 5.343025998989833075e-02
6.849798823760543387e-01 1.587711205394257974e-01 4.590498744081941002e-02
6.918847633487184012e-01 1.541072540589187023e-01 4.044448714592412814e-02
6.968321557537322519e-01 1.502586267212809856e-01 3.763383955990482616e-02
7.003055445821898539e-01 1.475442156398230897e-01 3.656411055049121200e-02
7.033009845919832026e-01 1.455600189318468907e-01 3.599169692778059898e-02
7.062014025020808550e-01 1.437986311415636320e-01 3.553424272924897431e-02
7.090359592962691693e-01 1.421722774736403627e-01 3.513225716930674231e-02
7.118333505258525040e-01 1.407254182080380223e-01 3.480374745022783711e-02
7.146409219469652685e-01 1.393373401947655965e-01 3.449963529625945519e-02
7.174474910695617380e-01 1.379592976045632413e-01 3.420539837325280164e-02
7.202543001619029495e-01 1.365815367269006542e-01 3.391200318120431156e-02
7.230613134274728182e-01 1.352036812525830578e-01 3.361833296484807027e-02
7.258681401459963212e-01 1.338246432847092771e-01 3.332504829272691510e-02
7.286784511565775890e-01 1.324403607389190718e-01 3.304647467172207309e-02
7.314811792719935202e-01 1.310070649142035526e-01 3.284714208721455087e-02
7.342546299017088662e-01 1.295000996540759397e-01 3.279613432078710283e-02
7.369697622881964394e-01 1.279410840244929737e-01 3.289185118929235235e-02
7.396548013927891629e-01 1.263703098393243462e-01 3.304641529693654045e-02
7.422997708556953178e-01 1.247891332096379563e-01 3.323926067271062990e-02
7.449303049467268512e-01 1.232035907725816948e-01 3.345071188683684110e-02
7.475482371302109019e-01 1.216142385028963074e-01 3.366697334292500371e-02
7.501581877664424969e-01 1.200226225403414476e-01 3.388792589354371748e-02
7.527678313415071543e-01 1.184308856461855353e-01 3.410931601015555759e-02
7.553777006851648546e-01 1.168387749445255891e-01 3.433041667064684610e-02
7.579566544423541608e-01 1.152434577876498278e-01 3.455152954776936208e-02
7.605349056127244101e-01 1.136505276987023888e-01 3.477218201296741751e-02
7.631130719870576895e-01 1.120578850536283338e-01 3.499245862672733381e-02
7.656902964571367098e-01 1.104655699386568463e-01 3.521306972404610741e-02
7.682675323941680068e-01 1.088733000880640484e-01 3.543354523142618062e-02
