5.797885717668620487e-01 -3.365047763151912119e-01 2.758531545524181006e-01
5.905585429454293100e-01 -2.969036470050877008e-01 2.644607253284885773e-01
6.013285185558213675e-01 -2.573040203147193838e-01 2.530674357484025139e-01
6.120982055977364222e-01 -2.176917135756323285e-01 2.416660241106355911e-01
6.228678972526690005e-01 -1.780797707399910390e-01 2.302615114415808573e-01
6.336378183497515248e-01 -1.384693000105001459e-01 2.188576866560880962e-01
6.444081568009542016e-01 -9.885901687558180939e-02 2.074525248590027016e-01
6.551784374191373939e-01 -5.924831138242141193e-02 1.960469111843139156e-01
6.651992733471876473e-01 -2.049281911789007510e-02 1.842838096058009856e-01
6.734736521399797837e-01 1.587678593735713031e-02 1.722197476688662465e-01
6.776274470059145960e-01 4.438365783855291458e-02 1.608862181565725580e-01
6.804558397627361588e-01 6.934916361853886435e-02 1.503821507983404693e-01
6.825791938487872912e-01 9.161748700432101322e-02 1.406674357411889231e-01
6.840768319452809054e-01 1.103075208954609476e-01 1.317908321233105529e-01
6.855045030165066722e-01 1.276964121360244231e-01 1.230944740014727201e-01
6.871755746729608649e-01 1.433559029078185221e-01 1.143909556586705928e-01
6.890745883021206497e-01 1.582909437629057836e-01 1.056003322131481986e-01
6.917166701208973256e-01 1.716840005386966739e-01 9.667504052669494141e-02
6.957847240498010732e-01 1.827568283068922717e-01 8.790860674229250549e-02
7.005755862549156721e-01 1.928464520265937288e-01 7.947766661314910330e-02
7.054884584807974424e-01 2.027666650031882956e-01 7.118070035571176513e-02
7.109465803058448996e-01 2.115558385754103821e-01 6.395812543381668158e-02
7.166230348148378004e-01 2.191094498211790809e-01 5.831594339942080402e-02
7.219721340295428558e-01 2.254646008255902223e-01 5.425976391082922012e-02
7.266880984632199114e-01 2.308415667115373271e-01 5.137413645436497006e-02
7.302255641739228142e-01 2.350943326935341915e-01 4.976756793960782077e-02
7.326925935736161577e-01 2.386274734513826046e-01 4.893755735470559087e-02
7.349993849871999663e-01 2.420951131155257285e-01 4.819660193883222588e-02
7.368998111950774144e-01 2.455360191920992474e-01 4.764309236588823437e-02
7.387979349813517116e-01 2.489769620183492904e-01 4.708950573982021576e-02
7.406900659290365230e-01 2.524277883106215703e-01 4.653972018408488592e-02
7.425838913840425715e-01 2.558790660026977748e-01 4.599047537463376439e-02
7.446322353848657816e-01 2.597370276974229619e-01 4.540238567446258644e-02
7.467326049857482273e-01 2.637242440853611036e-01 4.480190629275784125e-02
7.488331896909359298e-01 2.677113740785264095e-01 4.420221918029492575e-02
7.509489032250261653e-01 2.717095798942613660e-01 4.361467679305532086e-02
7.530643831672596544e-01 2.757076391117178615e-01 4.302793568507062155e-02
7.551794938638659582e-01 2.797086030968603532e-01 4.244933440799536495e-02
7.572730606474186166e-01 2.836947774860085203e-01 4.189526696505692371e-02
7.586789279819873277e-01 2.866385907666421651e-01 4.190130479785929979e-02
7.600843093741642686e-01 2.895826008145607200e-01 4.190549327044409966e-02
7.614886746138604945e-01 2.925264521873781609e-01 4.191164786308188006e-02
7.628857497974389501e-01 2.954412032983240732e-01 4.191045560842100032e-02
7.643003206130016824e-01 2.982260019029197018e-01 4.180675942236851406e-02
7.657641135203164806e-01 3.005632749666343195e-01 4.148157824040239056e-02
7.672177424502574228e-01 3.027408714692220171e-01 4.107499116613969048e-02
7.686447642272757896e-01 3.048572553440299648e-01 4.062852620855795377e-02
7.700691683737853621e-01 3.069577646657626890e-01 4.018252540963904162e-02
7.714935710637919053e-01 3.090583508598718776e-01 3.973658819149501059e-02
7.729202205971231754e-01 3.111566989038689335e-01 3.929168109019152283e-02
