5.724574816421075241e-01 -2.709528718607565057e-01 2.468878326418921243e-01
6.176231861100394127e-01 -2.787723662865365104e-01 2.641122614654728418e-01
5.973886669333191568e-01 -2.571935351056438557e-01 2.515988270775636471e-01
6.084331569372808390e-01 -2.264312671189761539e-01 2.424711834873911620e-01
6.224432016821810354e-01 -1.855480412223468600e-01 2.348308080235455286e-01
6.356556083235153087e-01 -1.401293957907881749e-01 2.224411884515776761e-01
6.493649532431264859e-01 -9.277619148274388050e-02 2.095985535601836147e-01
6.597059999307577360e-01 -5.130918895771117288e-02 1.965485940191273595e-01
6.681962214376455655e-01 -1.307788494783318663e-02 1.829726851489126283e-01
6.740839927252761932e-01 1.764115917055211064e-02 1.687553748529563580e-01
6.764335263042595692e-01 4.773899274600885978e-02 1.632133630602279339e-01
6.829525786621147843e-01 6.999794132407285985e-02 1.462163465126793682e-01
6.822627313850835318e-01 9.241116153166709091e-02 1.393003116007885123e-01
6.849162882060014779e-01 1.116506213437482437e-01 1.309468890954672005e-01
6.843879659206039134e-01 1.293564779565486988e-01 1.250331614385880030e-01
6.873547530200015965e-01 1.431409943411905417e-01 1.151845576107083935e-01
6.883600760263032248e-01 1.581214499208708768e-01 1.072346774347052167e-01
6.907796318803807178e-01 1.708485205473162793e-01 9.816537458444687947e-02
6.942054503394829990e-01 1.824309172939165280e-01 8.857698421905037256e-02
6.989887529019122026e-01 1.934545237750875113e-01 7.871527267546948869e-02
7.045513554916666976e-01 2.028054913779075707e-01 7.008376227117654733e-02
7.109947555464153357e-01 2.116729512411043013e-01 6.263977626946071187e-02
7.168880044978174215e-01 2.196195974325857170e-01 5.765931409789247508e-02
7.234761189364947720e-01 2.249249656242099105e-01 5.326253969108624142e-02
7.250396914773398205e-01 2.335085039670989349e-01 5.073700716362335161e-02
7.318099406023730324e-01 2.349560290290592657e-01 4.931302853572863687e-02
7.348644674661508613e-01 2.386335846624323687e-01 4.965589740967438909e-02
7.347709075410790991e-01 2.423478517903861484e-01 4.779305593832122029e-02
7.353626888272084550e-01 2.452675118709435331e-01 4.892540024473216592e-02
7.422909965386957909e-01 2.448905399557702034e-01 4.284053098807662913e-02
7.359770128009046619e-01 2.522627999058386639e-01 5.246662314503835328e-02
7.420799411839948956e-01 2.535849245012343212e-01 4.541715154639668073e-02
7.432519871576518389e-01 2.583146417426020469e-01 4.627499823924406674e-02
7.478131936148834091e-01 2.614132672919587952e-01 4.553979548906091079e-02
7.438096589818249393e-01 2.703597058522726471e-01 4.556028055936201665e-02
7.537315866044391743e-01 2.697871842950723131e-01 4.128653158662613787e-02
7.533382668237660340e-01 2.764235523882512258e-01 4.334288860650372527e-02
7.563695388507338802e-01 2.802646429732839062e-01 4.078321450263251713e-02
7.576940995671470613e-01 2.846865295001865803e-01 4.244233377731761875e-02
7.504290508316072694e-01 2.924059637699714109e-01 3.498731165615522748e-02
7.816849537510023316e-01 2.819966176468376995e-01 5.467895798413255348e-02
7.503000142165802133e-01 2.994029142162337176e-01 3.701267204585187431e-02
7.633236263164985269e-01 2.964507047508039284e-01 4.151869213092311550e-02
7.647779003557837463e-01 2.986033585719151118e-01 4.253163882513961297e-02
7.643442371478658126e-01 3.024835783088425378e-01 4.326487150512726282e-02
7.672993893598643034e-01 3.022822616458852307e-01 4.050369319014105601e-02
7.693098445222223969e-01 3.035221125296161393e-01 4.026710945033723510e-02
7.729464583951745071e-01 2.991139023015387810e-01 3.821801918524223712e-02
7.334356421447976171e-01 3.681154790765282514e-01 6.120067327579700039e-02
8.020552678555610271e-01 2.500217183019797229e-01 2.068461631329998607e-02
