5.834805570891956616e-01 -2.984504219726811791e-01 2.695209657036993778e-01
5.772401063755723261e-01 -3.000640905500693290e-01 2.562343060567173203e-01
5.740304463154699555e-01 -2.865034000980262174e-01 2.637923253958698311e-01
5.579919410466472884e-01 -2.602647713406883168e-01 2.581454033145049176e-01
5.365805035526413080e-01 -2.193932988692863240e-01 2.584503685037857768e-01
5.123952537777985983e-01 -1.672440630695399277e-01 2.573054383101700537e-01
4.828067667155084286e-01 -1.070451561161446102e-01 2.566869473599112661e-01
4.557440795214647289e-01 -4.867300201662855957e-02 2.547778184403199919e-01
4.334656989522847614e-01 1.035477615280834020e-02 2.550880734183462173e-01
4.186195738192038385e-01 6.107018233516017108e-02 2.545509931806225201e-01
4.107354432587058679e-01 1.050028459984884560e-01 2.524979929461427242e-01
4.101536499813038805e-01 1.431192485957616944e-01 2.475380770765391591e-01
4.162155332792611406e-01 1.714234041682794751e-01 2.392836302989059249e-01
4.286840374465066827e-01 1.929053623528321215e-01 2.263447618909687487e-01
4.456538442058357030e-01 2.058656098458783723e-01 2.098249344383335269e-01
4.669236119266865770e-01 2.123130500326103343e-01 1.896207404490013737e-01
4.931953814123989366e-01 2.131586473990428887e-01 1.653737578997243607e-01
5.212780890378909682e-01 2.091089366005553785e-01 1.411352649713940588e-01
5.513595605331960137e-01 2.003701140543030224e-01 1.183824385306923299e-01
5.821323617980995735e-01 1.930090089053429214e-01 9.354437607872889693e-02
6.108011344401295117e-01 1.827086153753897102e-01 7.388913426220303227e-02
6.386434508181242364e-01 1.692666632475421651e-01 6.089715349137963391e-02
6.602827872447002422e-01 1.613436289383150257e-01 4.682634083918282841e-02
6.788711257073436478e-01 1.506647431225241474e-01 4.105503033193649842e-02
6.941751401129198085e-01 1.427450779928347568e-01 4.202779696479703314e-02
7.029183825605233027e-01 1.367566480664329231e-01 3.094141681516899764e-02
7.119934351289375352e-01 1.320661178370060584e-01 3.937096866425925101e-02
7.131327692557349884e-01 1.271590407832691449e-01 4.306992128354069499e-02
7.202808889182118479e-01 1.255468616713380503e-01 3.846304248936428805e-02
7.199767287441841690e-01 1.224426194967959264e-01 4.707795128063972656e-02
7.264184105575947070e-01 1.203795611882048922e-01 3.899927587574256865e-02
7.247000928262126163e-01 1.183273843672833503e-01 4.791501799838855657e-02
7.308748960218873769e-01 1.142270937445101914e-01 5.043341255489872110e-02
7.325684479563798757e-01 1.159675049107360828e-01 4.240980155777151345e-02
7.323942481337255561e-01 1.090323382640013689e-01 4.246438215945234212e-02
7.394053463736234288e-01 1.101251149054378459e-01 5.490152306224647949e-02
7.412816531200913106e-01 1.102290708567095628e-01 3.848319808525582642e-02
7.388707841299000378e-01 1.007205187652680661e-01 4.607506699314455750e-02
7.543554016427236331e-01 1.187936723064029754e-01 3.392750740274234206e-02
7.376693576600854563e-01 8.900891826833562392e-02 5.543653393271114060e-02
7.488616677188673076e-01 1.037878795042193047e-01 3.819605971473544886e-02
7.532077656220552697e-01 1.033864293322648426e-01 4.436732687972624184e-02
7.488541550452294526e-01 9.871852700466417219e-02 4.428362831536836186e-02
7.506482005020456150e-01 9.370058330552683001e-02 4.108678994997548573e-02
7.569311294231684251e-01 9.723879671778917766e-02 4.103107260999723505e-02
7.522916026355979113e-01 1.013357094196177810e-01 4.441704279408774381e-02
7.530316275561075301e-01 1.038502214682936187e-01 3.790206863100490514e-02
7.453980226348988491e-01 1.004027900002082141e-01 4.427994656050836253e-02
8.302740901725703671e-01 8.931905857480795796e-02 2.091494961204611383e-02
6.864219902849079125e-01 1.081573512800409059e-01 6.085794026518447780e-02
