5.810262323796687722e-01 -3.003681775936203890e-01 2.631093100256601258e-01
5.712566782111317965e-01 -2.849583324133642126e-01 2.618929526618051784e-01
5.614872532683304884e-01 -2.695484232120269330e-01 2.606766196138139979e-01
5.517120639280179706e-01 -2.541231543171127427e-01 2.594585157349313942e-01
5.300236775417651591e-01 -2.058127184861124614e-01 2.585357071303135412e-01
5.081596834286322695e-01 -1.542452623298024017e-01 2.577850410743824372e-01
4.863043335327051353e-01 -1.026585597152874924e-01 2.570399391227737862e-01
4.644519928830597721e-01 -5.107047604552551051e-02 2.562954699248651824e-01
4.426144056413158778e-01 5.196571125921864171e-04 2.555532681148006691e-01
4.222680937401052104e-01 5.195139666838480275e-02 2.547024508284270738e-01
4.121944318351905556e-01 9.866962260899322934e-02 2.521835735002934675e-01
4.106637541564077121e-01 1.385264927163449566e-01 2.469403604377944650e-01
4.169880425430219084e-01 1.696145124809434468e-01 2.377534661421336071e-01
4.298177182791075857e-01 1.917058637226450035e-01 2.241774734019787441e-01
4.480848226140035639e-01 2.053200756550748740e-01 2.063903747429264579e-01
4.705536780560518606e-01 2.116971855137151914e-01 1.855440538847812071e-01
4.967675124432214817e-01 2.105088262420187761e-01 1.628667198013013240e-01
5.240447573777695656e-01 2.065670038441800305e-01 1.402642426241076101e-01
5.521318730353506066e-01 1.994205700435331408e-01 1.188106038629895694e-01
5.802493740256347010e-01 1.916228234922354168e-01 9.782232091383130657e-02
6.079759304246112883e-01 1.824291335577840623e-01 7.870166553484464478e-02
6.344579445287396036e-01 1.721194978994635694e-01 6.241436867444233316e-02
6.585303733196574694e-01 1.614189495192176749e-01 4.988420266804018122e-02
6.783074022589146157e-01 1.514151326790776908e-01 4.202989251278043542e-02
6.927333218677086402e-01 1.432157730628881298e-01 3.854676716477914433e-02
7.029448113855012448e-01 1.368111455991220249e-01 3.782297592018749738e-02
7.106189858973438467e-01 1.316085487258280839e-01 3.839806364348101464e-02
7.148612248443999562e-01 1.282559573408400821e-01 3.989790139998256741e-02
7.182285240972433593e-01 1.254431861874542586e-01 4.140542962538937971e-02
7.215585071715689969e-01 1.226548770089543744e-01 4.289887213093856316e-02
7.244342769488314460e-01 1.202596615857473711e-01 4.391232748871638780e-02
7.272972957310753772e-01 1.178711245415164782e-01 4.490395855352025817e-02
7.300209191078179671e-01 1.156844510943961790e-01 4.517006623460491366e-02
7.327167012370942034e-01 1.135450720136895880e-01 4.532078179226189246e-02
7.354086078694528350e-01 1.114101540574941457e-01 4.546306735264513815e-02
7.376294570895353120e-01 1.097016795588639376e-01 4.514489216803373867e-02
7.398456370568828877e-01 1.079976902651147430e-01 4.482424305979314239e-02
7.418574604315548715e-01 1.064685293711571945e-01 4.447048324052105261e-02
7.435468960932638538e-01 1.051985138952800658e-01 4.412699505414305334e-02
7.452364300559691790e-01 1.039296175551121526e-01 4.378396297267658777e-02
7.469239869724658698e-01 1.026626849291555899e-01 4.344049316236020530e-02
7.485904127912711425e-01 1.014131834766826973e-01 4.310295322233483745e-02
7.499081121816416617e-01 1.005375548236578653e-01 4.280460254691632188e-02
7.508489852215642912e-01 1.000945161113222237e-01 4.252782763287926010e-02
7.517569430897258487e-01 9.968332059194842665e-02 4.225583543090555283e-02
7.525335947342789433e-01 9.934992008863602342e-02 4.201700709599036354e-02
7.525338607039168126e-01 9.934959583396830995e-02 4.201686416329134671e-02
7.525341845131205964e-01 9.934941857054378767e-02 4.201674627021425440e-02
7.525343936648648535e-01 9.934919115983269211e-02 4.201654347792907473e-02
7.525348384964948290e-01 9.934883420612355964e-02 4.201616241920744926e-02
