5.865872019075458743e-01 -2.778924876304765257e-01 2.637932476158332817e-01
5.865934451177621245e-01 -2.777401010255398650e-01 2.637054129942889014e-01
5.865186720412226551e-01 -2.769154860311421884e-01 2.632305432594616024e-01
5.863768380544338576e-01 -2.746423450152967738e-01 2.619202570299316024e-01
5.861872417368828581e-01 -2.707147097853122575e-01 2.596724377267265460e-01
5.859413017311820848e-01 -2.647756669475516689e-01 2.562955902969975552e-01
5.857577923381964702e-01 -2.561896588326645352e-01 2.514486504480315521e-01
5.856790411231510562e-01 -2.457080412534938252e-01 2.455713643777282795e-01
5.858113138562667244e-01 -2.323105113737549410e-01 2.381153601305784906e-01
5.862309588417905504e-01 -2.173847266540402390e-01 2.298663222279201113e-01
5.870286932534616309e-01 -2.005191657309627895e-01 2.206073215546786037e-01
5.883781709761820577e-01 -1.809674870548331482e-01 2.099616721693001453e-01
5.902132511236330981e-01 -1.608672178168210898e-01 1.990770127887333540e-01
5.928217173738569157e-01 -1.385891450665153180e-01 1.870776750067102701e-01
5.959867195366551629e-01 -1.164989018578460739e-01 1.752903645253559572e-01
5.998598699946896540e-01 -9.398795641579138493e-02 1.632995372563140202e-01
6.047007741161454231e-01 -7.024470576717956050e-02 1.507234704845814566e-01
6.100463853929597446e-01 -4.785139338768787387e-02 1.388887666182108127e-01
6.160704422410735459e-01 -2.596654100633057766e-02 1.273996548710203403e-01
6.230560770574441465e-01 -3.954519780846814381e-03 1.157895679804998162e-01
6.302975198707368998e-01 1.592834392465985668e-02 1.053278390072694137e-01
6.383385488327816271e-01 3.537053757630967410e-02 9.508704274117783795e-02
6.464139716995869200e-01 5.235097267449379671e-02 8.609725741115423214e-02
6.546849215810788269e-01 6.769971653141759749e-02 7.792607801789190602e-02
6.634826729394344147e-01 8.196521814262978933e-02 7.027163350900120231e-02
6.718856660241497858e-01 9.374208066736877676e-02 6.387371567644999082e-02
6.805433550695976219e-01 1.042069277382266512e-01 5.810090470522740608e-02
6.885718867307920599e-01 1.123945768392858868e-01 5.348035816077184590e-02
6.962772910102285051e-01 1.189137581120274650e-01 4.968616483600433315e-02
7.039413604930107038e-01 1.240667873850124781e-01 4.654407876278963963e-02
7.107473957774875783e-01 1.274791027726155934e-01 4.429459933572066355e-02
7.173562903529410173e-01 1.296479118829617361e-01 4.264422441374991768e-02
7.230702609797747815e-01 1.305159675474459324e-01 4.167674003474590438e-02
7.282108291018934976e-01 1.303775149742588124e-01 4.122441461732156975e-02
7.329827902265323436e-01 1.293330592650763777e-01 4.121766043177199634e-02
7.369348256067634884e-01 1.276454317645334124e-01 4.157904814673472199e-02
7.403277584924589094e-01 1.254368678014132210e-01 4.221909451911874667e-02
7.433141146819230993e-01 1.227956405442184595e-01 4.311277852113181569e-02
7.456505191723188375e-01 1.200165159727551029e-01 4.411848229732521359e-02
7.476154804695931411e-01 1.170617440070410159e-01 4.517938948445268665e-02
7.490698287295751712e-01 1.143252527904089211e-01 4.627030371083405702e-02
7.501699208303693744e-01 1.117551381545099920e-01 4.726077120855648461e-02
7.510075500988739883e-01 1.093631663921848518e-01 4.825081115114703695e-02
7.515475730268880161e-01 1.074000067584436613e-01 4.903065445902591440e-02
7.519114763216969699e-01 1.057586547272885286e-01 4.971087878738984084e-02
7.521091213190075342e-01 1.045890289042860771e-01 5.019022843588423488e-02
7.522012548693238765e-01 1.038012749118949890e-01 5.051563114578932340e-02
7.521793891343152572e-01 1.033373331286068508e-01 5.070918365717209247e-02
7.524848341777542471e-01 1.031595757248900680e-01 5.080515753510685822e-02
7.521642653979708770e-01 1.031337309041736733e-01 5.080540902892325544e-02
