5.866285467683637345e-01 -2.875407226807639161e-01 2.685265619699370720e-01
5.863888362521393338e-01 -2.825242309856485501e-01 2.657614937852750825e-01
5.861487633206925452e-01 -2.775073650967884165e-01 2.629960534046492104e-01
5.859078544290660107e-01 -2.724910240977744258e-01 2.602281932564732281e-01
5.856654960015855726e-01 -2.674655833528802318e-01 2.574578863528669270e-01
5.854247329575427150e-01 -2.624372051520120208e-01 2.546850616865964367e-01
5.851699644467308614e-01 -2.562426608354495539e-01 2.512669781521321699e-01
5.850383369770942865e-01 -2.438485230344364929e-01 2.444143455115469765e-01
5.849156291424058018e-01 -2.313599945979897821e-01 2.374968671219945815e-01
5.855800645618497446e-01 -2.150774621364816008e-01 2.285666314608690852e-01
5.869589858960240214e-01 -1.967384383727585895e-01 2.185814800313614081e-01
5.894815387176914889e-01 -1.763150174718221830e-01 2.075596727589038848e-01
5.920313090390600941e-01 -1.558593949011125301e-01 1.965257129487437970e-01
5.946015932121837544e-01 -1.353868604637843420e-01 1.854840769711401938e-01
5.989074616167753273e-01 -1.140357223632713912e-01 1.741473925792675626e-01
6.032318991713120360e-01 -9.267861657227395578e-02 1.628089330175600813e-01
6.075833562864446646e-01 -7.132140272303938433e-02 1.514714851642231519e-01
6.126906408919797764e-01 -5.006466672964691306e-02 1.401968173481712432e-01
6.178414839521423341e-01 -2.882205868462321685e-02 1.289350064340510360e-01
6.232084254705750892e-01 -7.684348491519568669e-03 1.177280386457792427e-01
6.299482327795251635e-01 1.225542963515246012e-02 1.071898226744724819e-01
6.370591297764229832e-01 3.170339849847473440e-02 9.691766891094574787e-02
6.450383057676356557e-01 4.952192767156241016e-02 8.751014084529445958e-02
6.535246209311771359e-01 6.572422262765130474e-02 7.891742777310838119e-02
6.623002200176142384e-01 8.010311971821081067e-02 7.122418315353017115e-02
6.711504163228992903e-01 9.288781588830351266e-02 6.432564494553194567e-02
6.798825053002653940e-01 1.034440479810601193e-01 5.850453651522641296e-02
6.882988199448880628e-01 1.118652840228684664e-01 5.373576401579673728e-02
6.963722401537426610e-01 1.187082377781627368e-01 4.974736812991015222e-02
7.039561890239433017e-01 1.237184589990822509e-01 4.666495722308828392e-02
7.110445203541666537e-01 1.272544701365247721e-01 4.435353615508828840e-02
7.174845886474423562e-01 1.292550524506793086e-01 4.281192537045995505e-02
7.233106129746671442e-01 1.300652797426431750e-01 4.187763612593819323e-02
7.284502129138866744e-01 1.297950244981483647e-01 4.149031047065603744e-02
7.330274119504730512e-01 1.288250614163505003e-01 4.145586901665963830e-02
7.366395391271869375e-01 1.268671272655238769e-01 4.193938503510740573e-02
7.402185818585090837e-01 1.248829638378064349e-01 4.243958415138708584e-02
7.427019768247771214e-01 1.223738132688356739e-01 4.329744237419309166e-02
7.451797730075572224e-01 1.198634556993112416e-01 4.415625922239454354e-02
7.467367985040082035e-01 1.172916610292739081e-01 4.512694113938733875e-02
7.482820220712831372e-01 1.147215585797600884e-01 4.609793273861776536e-02
7.498068638351313986e-01 1.121595374311320503e-01 4.707128074313913363e-02
7.508869167781873077e-01 1.098811230461545496e-01 4.796247610567055258e-02
7.513800323897819045e-01 1.082178549678855933e-01 4.864938933886563815e-02
7.518044809159746267e-01 1.066425737824402697e-01 4.930208691304105439e-02
7.519731370367775947e-01 1.055422064205593091e-01 4.976151735320329117e-02
7.521419972281853106e-01 1.044420494755983059e-01 5.022085338958520023e-02
7.523110029917168262e-01 1.033418080779949233e-01 5.068037646061435836e-02
7.524794376303557408e-01 1.022415785464237670e-01 5.114002028908056635e-02
7.526461628467389087e-01 1.011410973839398098e-01 5.159805114188138753e-02
