4.328580442718682475e-01 -8.505734863429530168e-02 4.334662487017273969e-01
4.210140195739453528e-01 -5.770084435025930880e-02 4.240856503216414164e-01
4.091702280990033302e-01 -3.034412845658548963e-02 4.147050703735833399e-01
3.973267178788134069e-01 -2.987237223490873603e-03 4.053240553882050401e-01
3.856223872094505234e-01 2.619425776649064730e-02 3.949117029759706132e-01
3.758254931715899194e-01 6.017632342298575437e-02 3.812715323972754589e-01
3.669470175236253517e-01 9.488353921437120420e-02 3.668501506696233427e-01
3.581306120734065179e-01 1.296055993378941174e-01 3.523937630535946552e-01
3.503391313322127276e-01 1.640886025080962873e-01 3.375800114662634299e-01
3.535469875460103828e-01 1.926392680090527054e-01 3.203030221355295248e-01
3.641849285615669229e-01 2.150493503493584035e-01 3.019279434827337183e-01
3.814113150015057685e-01 2.300183289668246422e-01 2.826538153564339684e-01
4.031270731091712300e-01 2.384963765212038123e-01 2.625382142107415828e-01
4.278958366873155117e-01 2.408378633202250263e-01 2.413672452004740066e-01
4.538648517077084055e-01 2.389362092456326636e-01 2.194355543910605222e-01
4.801461974057419924e-01 2.333368550837606192e-01 1.969156326160218518e-01
5.061766350346754706e-01 2.259356202727709484e-01 1.742740601169287251e-01
5.318633572319961811e-01 2.175712314483468079e-01 1.517364518897753312e-01
5.575472839391802937e-01 2.092025975300556839e-01 1.291999927364726186e-01
5.823041503957818721e-01 2.000200259485918064e-01 1.074138325973254399e-01
6.055810688219716020e-01 1.902272261582155510e-01 8.706614154828302976e-02
6.276055048987512208e-01 1.803740654524506881e-01 6.816085180944612965e-02
6.439623121577534581e-01 1.718052694958939475e-01 5.606397317318922990e-02
6.575911364728902475e-01 1.643720132893112806e-01 4.755843138923000757e-02
6.693191939160028081e-01 1.578368436787490892e-01 4.158972362012219870e-02
6.786127041699290263e-01 1.525711248425843936e-01 3.844098239877231232e-02
6.846488281339869753e-01 1.488810150048065495e-01 3.823232762726543055e-02
6.903336926864247491e-01 1.453270967069729414e-01 3.827969328352720524e-02
6.959750382926532808e-01 1.417893938479952709e-01 3.835882577195077331e-02
7.016163946051210409e-01 1.382519872211468714e-01 3.843767979659620804e-02
7.072542414376637998e-01 1.347138324856630709e-01 3.851747669390703094e-02
7.128902162513701679e-01 1.311751262511939853e-01 3.859563246887047494e-02
7.185030670974902334e-01 1.276474706073788545e-01 3.865743014192988408e-02
7.237725430161526807e-01 1.242598862379137026e-01 3.849849380245307096e-02
7.290376438396692915e-01 1.208731706517594401e-01 3.833361345311147445e-02
7.343024807524998199e-01 1.174867594322308029e-01 3.816892512047306146e-02
7.392749343287204900e-01 1.142642460966134949e-01 3.788789955574378004e-02
7.426511769602883728e-01 1.121506764299604886e-01 3.739757301953904739e-02
7.456435397529116438e-01 1.103065478574233454e-01 3.689232719863972526e-02
7.485839277729701147e-01 1.084956135473447575e-01 3.639038478724324760e-02
7.512242487601582530e-01 1.068928534173796130e-01 3.591035198626666564e-02
7.537029507463921529e-01 1.053882819888816158e-01 3.544983680503367707e-02
7.550161801731143374e-01 1.045247457195475349e-01 3.515072410412788811e-02
7.554413055149905576e-01 1.041322620285696360e-01 3.500535531419195906e-02
7.548052861513843137e-01 1.042189518918613111e-01 3.500907476487059161e-02
7.541682142131933553e-01 1.043053094509697049e-01 3.501289676355589381e-02
7.535315658400072447e-01 1.043908374256851124e-01 3.501648205070077846e-02
7.528990300333056052e-01 1.044737693307059428e-01 3.501749486303912251e-02
7.522674140981108204e-01 1.045560833051869670e-01 3.501790011815261033e-02
7.516360195282537626e-01 1.046383891330731064e-01 3.501835113350821455e-02
