4.308076413963317641e-01 -5.414222332137260535e-02 4.215666474794540486e-01
4.123585777016887111e-01 -5.665640394784626083e-02 4.247586271056725260e-01
4.126129246629741676e-01 -4.487040026136976389e-02 4.204914639020009282e-01
4.041562448900318794e-01 -2.306084747693422365e-02 4.125722865287589358e-01
3.906096694926270430e-01 1.350775927378063471e-02 3.992336927826866666e-01
3.759332964836362145e-01 5.428181135186110201e-02 3.843409974097105053e-01
3.596466747963515953e-01 9.876845947353606048e-02 3.679721315837182205e-01
3.536130621935020257e-01 1.354053328900481357e-01 3.509692878706637820e-01
3.474843178597350479e-01 1.707862812414844278e-01 3.348415859546147177e-01
3.534973142197615492e-01 1.971266369654535444e-01 3.174817001018837015e-01
3.638842279257025747e-01 2.171996979010621664e-01 3.006323098580532815e-01
3.809292752903943868e-01 2.316318186385792066e-01 2.823245820949630835e-01
4.014428818134693766e-01 2.382786714894920554e-01 2.643195170747885125e-01
4.252936565027940485e-01 2.401790219368634960e-01 2.438540579135974884e-01
4.514440960285786009e-01 2.416353849488133698e-01 2.222597346404615870e-01
4.778108018519565126e-01 2.347942103972983918e-01 2.003216988368522189e-01
5.067180845451749738e-01 2.267762321423454075e-01 1.757924339769282585e-01
5.321908309644766133e-01 2.174892793853089590e-01 1.523234330750360410e-01
5.608532213230025265e-01 2.077654262676561225e-01 1.258791637008162823e-01
5.864077772933482535e-01 1.987420880141642643e-01 1.030936670165970431e-01
6.098913334616220538e-01 1.900025968880943161e-01 8.127623780939362275e-02
6.298690705837102222e-01 1.795722184074426409e-01 6.766095094679341893e-02
6.451743866587210663e-01 1.695600520973927494e-01 5.691161379866181008e-02
6.564220259221846820e-01 1.677807330844047484e-01 4.759295900184477845e-02
6.684214109235029344e-01 1.593795492001992276e-01 3.601372739289671054e-02
6.746637659222658456e-01 1.470608349548681582e-01 3.846894902036725183e-02
6.891001960188516406e-01 1.540336885786398047e-01 3.538651933021447205e-02
6.902606006398727123e-01 1.412189234616853251e-01 4.538536360507954698e-02
6.973594590527871784e-01 1.433171710343072724e-01 3.168149533241308019e-02
6.997587193078370627e-01 1.384018221552161809e-01 4.678457473258491872e-02
7.056172414979580143e-01 1.323412901499130545e-01 3.645772884674682024e-02
7.170721752317911202e-01 1.359951698861300573e-01 3.764625422447749614e-02
7.163234699999450061e-01 1.251551240398295628e-01 3.472683596788608135e-02
7.243576335434976921e-01 1.253877353714342169e-01 4.700602169312643325e-02
7.281904126123921461e-01 1.198571253078874188e-01 3.571266111103983676e-02
7.341646673184140104e-01 1.181320900341806396e-01 3.426503249772709647e-02
7.375184961263109296e-01 1.138159130806712938e-01 4.336114015569685759e-02
7.447232939722057132e-01 1.130057328952571855e-01 3.062202703581366064e-02
7.495202431460739056e-01 1.101701322319526277e-01 4.525029367933276064e-02
7.432718400299682671e-01 1.018064980883335441e-01 3.103233261859937586e-02
7.543360966940977352e-01 1.132095646928501648e-01 3.341860760934530633e-02
7.477109173344453907e-01 1.005197435836918535e-01 4.010474435218971262e-02
7.552503529705868468e-01 1.008677419593619617e-01 2.568457708322888569e-02
7.602517144047375997e-01 1.068487687770060396e-01 3.931638870863442270e-02
7.680566882997743594e-01 9.996124031009399891e-02 4.146783077510982074e-02
7.534148641282708558e-01 1.031037129064305974e-01 2.704991362226706261e-02
7.499128140276154486e-01 1.087999574414340309e-01 3.782560443502085146e-02
7.488814614456289487e-01 1.017876389200189635e-01 3.019799327394249305e-02
8.156632764250820733e-01 1.242144928208988586e-01 8.683108358625553358e-02
7.004445210620708906e-01 8.551950434670436973e-02 -1.064203506908983909e-02
