6.035814921203012107e-01 -2.745728174270659072e-01 2.670899175514286905e-01
5.680153561478142876e-01 -2.813112558370363114e-01 2.598827491149398039e-01
5.884646086690903388e-01 -2.771308226901770255e-01 2.639718529177986772e-01
5.847874557761291170e-01 -2.740367034719944361e-01 2.630672447972206562e-01
5.882928699035657738e-01 -2.713016210650111004e-01 2.581575239057267712e-01
5.844472953344810318e-01 -2.643943484049021131e-01 2.565823490547295416e-01
5.867869362409171563e-01 -2.559122591283273240e-01 2.514698576813405029e-01
5.864604471542992359e-01 -2.455533556102118542e-01 2.460745239152187791e-01
5.847202996566212008e-01 -2.324906064803826111e-01 2.374182874101090912e-01
5.851699822472135049e-01 -2.175608867959999138e-01 2.297375263017112645e-01
5.862793393975991307e-01 -2.003377776211882066e-01 2.205209081923598935e-01
5.885121517821271242e-01 -1.808446129245491751e-01 2.102657464880457738e-01
5.905995187428357829e-01 -1.605570930814746999e-01 1.992053551332166328e-01
5.935541284044542065e-01 -1.389434581431048532e-01 1.870990590627066574e-01
5.966911377267023475e-01 -1.166278333949128665e-01 1.748540368117018073e-01
5.993544169742339722e-01 -9.374171320761290338e-02 1.634898160820840718e-01
6.048754869873265161e-01 -7.029393239124549775e-02 1.508140357521864650e-01
6.101741977510609649e-01 -4.792317701455974660e-02 1.389591148216214878e-01
6.156399179021746493e-01 -2.582044016387214855e-02 1.272058441632418768e-01
6.233306171307615440e-01 -4.033875696407889823e-03 1.159063175448675209e-01
6.305452918617225899e-01 1.585199154443905564e-02 1.054456286170165485e-01
6.380524392824278301e-01 3.552273077751624125e-02 9.490312616180884842e-02
6.467603624267586060e-01 5.211151196411898529e-02 8.611235937673539231e-02
6.550674796498322516e-01 6.741807922531860287e-02 7.825686889423996706e-02
6.635598253764389831e-01 8.170368706992540975e-02 7.027364674612249229e-02
6.714495313232005103e-01 9.357556684925638635e-02 6.395484206886309364e-02
6.798239318842728141e-01 1.043105806140022795e-01 5.809664864292797548e-02
6.882459151449918933e-01 1.126491428068664286e-01 5.338648139862568753e-02
6.961009006131780863e-01 1.191450402576448159e-01 4.961443427902843817e-02
7.039322514369744654e-01 1.240813080378947997e-01 4.653310753306456188e-02
7.107788017124200275e-01 1.274430725970676082e-01 4.424356082743118729e-02
7.173346187058253776e-01 1.298200548315206482e-01 4.283727576568846507e-02
7.230181764201729644e-01 1.304023336386668508e-01 4.112714021102747280e-02
7.283558902597585538e-01 1.308595079763558988e-01 4.198243386920275100e-02
7.328841119638811463e-01 1.288121045899223438e-01 4.016621306308534867e-02
7.372974085623185125e-01 1.286377112946327228e-01 4.305699087755494175e-02
7.405595992545530581e-01 1.247002570317978787e-01 3.985594924089797680e-02
7.440389989416648087e-01 1.237124618153927769e-01 4.483132594812683225e-02
7.435927570888045679e-01 1.183454597624528926e-01 4.378256607661123317e-02
7.487959525187847243e-01 1.182866199798954382e-01 4.583346037084522206e-02
7.494019642949699689e-01 1.137792348138751131e-01 4.460511575988631433e-02
7.504765075278893027e-01 1.127049482071852682e-01 4.906616456241458257e-02
7.515636112875919705e-01 1.086029948196537281e-01 4.664267873319728752e-02
7.495562751634448073e-01 1.075297793200300361e-01 4.988794780964343756e-02
7.543551200625430164e-01 1.061043652753950878e-01 4.941074073369608466e-02
7.503611788981950914e-01 1.051814640593544403e-01 5.000972875238499787e-02
7.525937590451873271e-01 1.024010970784266367e-01 5.073711345051148264e-02
7.507134316202820346e-01 1.031772238449392975e-01 5.105937247947799074e-02
7.716006391401608600e-01 1.034040140101349925e-01 4.989288334734355568e-02
7.339351480407468875e-01 1.030781605152321506e-01 5.208995025376306903e-02
