5.869702969357594169e-01 -2.876873383767424297e-01 2.693219798194495529e-01
5.867502319860119497e-01 -2.827643809252132212e-01 2.665179648790290123e-01
5.865309997318074453e-01 -2.778403259215579957e-01 2.637130764536858019e-01
5.863119525261931697e-01 -2.729167774434579918e-01 2.609082415420316825e-01
5.860926329524599465e-01 -2.679932696504663259e-01 2.581033676882383832e-01
5.858698420733734480e-01 -2.630473800534766649e-01 2.552872397890298406e-01
5.856600985910983548e-01 -2.563158176069390004e-01 2.514949774300710983e-01
5.855186212705556503e-01 -2.446177366427859101e-01 2.449538418175371546e-01
5.854106635519963353e-01 -2.323817540899965339e-01 2.381083370931473264e-01
5.860394169792889629e-01 -2.153702546805005835e-01 2.287359281284995771e-01
5.870489799459085445e-01 -1.970811265405472135e-01 2.187534382780253750e-01
5.881822966042904444e-01 -1.785205846292490239e-01 2.086478418504498500e-01
5.907683621059104384e-01 -1.577509820356610415e-01 1.974713608616488481e-01
5.938137889982201267e-01 -1.365186133335688223e-01 1.860863100336492548e-01
5.976969505500364654e-01 -1.147721950887495984e-01 1.745027878628729601e-01
6.018387863829426365e-01 -9.294313943758947261e-02 1.628963208386059736e-01
6.062417998733680147e-01 -7.109018998232959075e-02 1.512907328360155179e-01
6.107764428153201752e-01 -4.925345944832118517e-02 1.397020925733166719e-01
6.166389226602683182e-01 -2.787444721395071490e-02 1.284111644084978965e-01
6.225861689286430467e-01 -6.547495523182113482e-03 1.171531101840506545e-01
6.296366046150744245e-01 1.366884965433578375e-02 1.064787889275589372e-01
6.375304294948123118e-01 3.252355833761889220e-02 9.653518100212966913e-02
6.455888594334123765e-01 5.097453512331760750e-02 8.679904797709167563e-02
6.542088875577900531e-01 6.689323285275843023e-02 7.833134847989157989e-02
6.629491293215062919e-01 8.130328696297971225e-02 7.060917389989937454e-02
6.716447878125052506e-01 9.355388686607768456e-02 6.395716026506902130e-02
6.801164945517416127e-01 1.030375772092448072e-01 5.868299881054687972e-02
6.885712481965406973e-01 1.124028040376200133e-01 5.347509068781069325e-02
6.963723169221216480e-01 1.186118018689599624e-01 4.982213471399427746e-02
7.039937015511693597e-01 1.241036267302496887e-01 4.651838871260654401e-02
7.108218996548311130e-01 1.271415475013267515e-01 4.445442825432335821e-02
7.172872904586206078e-01 1.291718319147079352e-01 4.288299754655353069e-02
7.233552086796817271e-01 1.303590442759400836e-01 4.174552701676695343e-02
7.285420415015729789e-01 1.300535035792193816e-01 4.136968569190720146e-02
7.331442012869092695e-01 1.289580502578717980e-01 4.138975513936707373e-02
7.370615135358240533e-01 1.271543263433876081e-01 4.179496210713330717e-02
7.406193353517998013e-01 1.250751115408871850e-01 4.236856234577496272e-02
7.432136792098478217e-01 1.225683267230415346e-01 4.319786301713100796e-02
7.453189611140748072e-01 1.199443481060586819e-01 4.415525740233863100e-02
7.470683897322600853e-01 1.172975151457485293e-01 4.516086528495680263e-02
7.486921935492136804e-01 1.146736009045703358e-01 4.616815300312952786e-02
7.501730527045956665e-01 1.121060515551988990e-01 4.716375619592004520e-02
7.508037003874427073e-01 1.101317698504957060e-01 4.796108809241692722e-02
7.512613751227226189e-01 1.083311781498379756e-01 4.867832677604919112e-02
7.515971305376550893e-01 1.066913276551062217e-01 4.932474390332718117e-02
7.519302373778411486e-01 1.050542319566883653e-01 4.996854917084502662e-02
7.522624161600667270e-01 1.034168017673167128e-01 5.061230489593551013e-02
7.525943853268836081e-01 1.017787446887505748e-01 5.125624067357872904e-02
7.529265191510033928e-01 1.001411590433695792e-01 5.190023169666378722e-02
7.532588185861521790e-01 9.850369551839881221e-02 5.254419682542529890e-02
