4.344300056094369533e-01 -4.659617402251972629e-02 4.151388310354828248e-01
4.364427936633641925e-01 -4.527014500720351331e-02 4.137770347018818740e-01
4.469589061833762478e-01 -3.822360730292630182e-02 4.065269508914375329e-01
4.680734566005154140e-01 -2.360775063634674986e-02 3.915172713756926992e-01
4.942066058987044097e-01 -4.540413442408378249e-03 3.721254755335753894e-01
5.217791184509996683e-01 1.716320937234865410e-02 3.504796685689715030e-01
5.485717454281480165e-01 4.052065510270842774e-02 3.277794297568518145e-01
5.701839004478134187e-01 6.171003273514513721e-02 3.075103455681248432e-01
5.884562130303410132e-01 8.175555443247886633e-02 2.879471779839764545e-01
6.023859362032071285e-01 9.826392366919926846e-02 2.705275200246899381e-01
6.140993212069443263e-01 1.122682523688256079e-01 2.536195267340167203e-01
6.252617790755985450e-01 1.247404149867728934e-01 2.357835792125641539e-01
6.356701700001878841e-01 1.351911023789454935e-01 2.183611712629450197e-01
6.467848596930788618e-01 1.454540126291570257e-01 1.995050951034876008e-01
6.574968602569205567e-01 1.551264077213313775e-01 1.811019803643279247e-01
6.679949592569267569e-01 1.649926572874022002e-01 1.624740981950883734e-01
6.783284345910376434e-01 1.755891442872951624e-01 1.430182999964905166e-01
6.871529739817056059e-01 1.857344298073727029e-01 1.250237223783272345e-01
6.947802216629023198e-01 1.956495289315249020e-01 1.080300147671551525e-01
7.014375762135630632e-01 2.054588450030611080e-01 9.175961739399156325e-02
7.065573622432350653e-01 2.139145857996242461e-01 7.816264334776919231e-02
7.108302544099511788e-01 2.216340838009742686e-01 6.619188487210714289e-02
7.140720827458993947e-01 2.278116069259528143e-01 5.713523384086389295e-02
7.167230907367773129e-01 2.328834197195991662e-01 5.034234128060133956e-02
7.190670134244138145e-01 2.371102416922653833e-01 4.544120470321349331e-02
7.210247496838760872e-01 2.402084819932702731e-01 4.255062382033424767e-02
7.229215255367350546e-01 2.427067046697086172e-01 4.089247457647531003e-02
7.246981546211966885e-01 2.447046175195432549e-01 4.015550063647128215e-02
7.265518295867829934e-01 2.467515453535970293e-01 3.987478801361583197e-02
7.286485799217549131e-01 2.493761384360487499e-01 3.982591398153743911e-02
7.307914851356090979e-01 2.525634397721067681e-01 3.988841362644814093e-02
7.331384813688301971e-01 2.566348812873950336e-01 3.998213248511638812e-02
7.353832112200858750e-01 2.610145718005998372e-01 4.003014804815686195e-02
7.375502813175025540e-01 2.656114954660747096e-01 4.001419432201701321e-02
7.396604297220696900e-01 2.703866939084523802e-01 3.997421234509076354e-02
7.414666852646765172e-01 2.746871898120076261e-01 3.998720464342567227e-02
7.430717924285594744e-01 2.786483737410684336e-01 4.010074842056540745e-02
7.445752038192182676e-01 2.824396802275619955e-01 4.032410535181761568e-02
7.458898799491273657e-01 2.857768913289974733e-01 4.057669048116646637e-02
7.472196291258488277e-01 2.891171190004963587e-01 4.080280841187445412e-02
7.484940732136005082e-01 2.922444984703595483e-01 4.092993617977665199e-02
7.497998805022788593e-01 2.953702112414792191e-01 4.096167216730477179e-02
7.511926871539401640e-01 2.986429879135822918e-01 4.091198212101868070e-02
7.525055218060899831e-01 3.017064049754534238e-01 4.079772249902185316e-02
7.538300536244156858e-01 3.047969740230517810e-01 4.060055662948661159e-02
7.550022860705939420e-01 3.075181292950485701e-01 4.033920980783799182e-02
7.560247055298884300e-01 3.098604701113791826e-01 4.003665380993391698e-02
7.568282314205933003e-01 3.116692875221290238e-01 3.974795140768131591e-02
7.572368545326481071e-01 3.125715629455171340e-01 3.958223493835747592e-02
7.573231233997574918e-01 3.127584191423866122e-01 3.954489504318840776e-02
