-1.059435587051164873e+01 2.757435089585229093e+00
-1.066386967366416272e+01 2.757435089585221988e+00
-1.105961831058392164e+01 2.757435089585179355e+00
-1.209084218783578279e+01 2.757435089585179355e+00
-1.353844275169494082e+01 2.777091691807441975e+00
-1.503865637151503876e+01 2.833560064580481708e+00
-1.654524063662673683e+01 2.889561817140410938e+00
-1.805195095400633676e+01 2.901796190193877578e+00
-1.992153258689974038e+01 2.854119451958624154e+00
-2.193885371549297503e+01 2.670211043834278541e+00
-2.393418427762042100e+01 2.292751452843994286e+00
-2.572960254578087103e+01 1.667302893568553657e+00
-2.712082970369379353e+01 7.646974843807967659e-01
-2.821045253612349768e+01 -5.558604073516164590e-01
-2.874950992033500441e+01 -2.070620507393115872e+00
-2.868398789472448840e+01 -3.682288467704822210e+00
-2.796015974790801550e+01 -5.392040007149404346e+00
-2.671759789677599173e+01 -7.163748118655966834e+00
-2.500036126749912668e+01 -8.981846120285752022e+00
-2.270842448297782923e+01 -1.059192674538496348e+01
-2.006818942050409049e+01 -1.163714863857222070e+01
-1.695446760961288746e+01 -1.230196800241733968e+01
-1.393986719851485034e+01 -1.267623289073135240e+01
-1.102384707861668645e+01 -1.293239767805648199e+01
-8.090192356108250493e+00 -1.317036418205528392e+01
-5.300223715724996509e+00 -1.343390062861088197e+01
-2.324554452694322038e+00 -1.364986328331479370e+01
3.548400139227254613e-01 -1.368080174897137269e+01
2.767123534555537390e+00 -1.352198126144295998e+01
5.272825524414777476e+00 -1.309873499368979566e+01
7.647506613751978932e+00 -1.231351971207783080e+01
9.864643119781796088e+00 -1.104947245189658034e+01
1.141910832691389288e+01 -9.618382270808197632e+00
1.231625739151407117e+01 -8.123896935678576625e+00
1.264841819976955861e+01 -6.652547088413449217e+00
1.245636778283657264e+01 -5.276503433689796907e+00
1.194731114508187630e+01 -3.912920970568386281e+00
1.121943385260451720e+01 -2.735783968068041361e+00
1.034982348656019724e+01 -1.995031121400501206e+00
9.245841577439207981e+00 -1.459514638280090537e+00
8.164643112908912315e+00 -1.097669059074078746e+00
7.057729023974175675e+00 -9.070164409117111859e-01
5.742384816021839811e+00 -7.312459122650025733e-01
4.395111243977801507e+00 -5.402750948779129203e-01
3.012774294772718520e+00 -3.619439280797394076e-01
1.770992615449621610e+00 -2.327234076494164583e-01
7.932138452453969535e-01 -1.073758206102510826e-01
2.459704117234977616e-01 -2.343292110337102940e-02
6.260604455427198900e-02 -9.774866172307383749e-05
0.000000000000000000e+00 0.000000000000000000e+00
