-9.501874197485378204e+00 2.726889141694188723e+00
-1.066985929621499807e+01 2.773733800524083914e+00
-1.183784555203971856e+01 2.820578663446576595e+00
-1.300584655839268677e+01 2.867423206841848149e+00
-1.417388702257911426e+01 2.914275168392356452e+00
-1.540470397800152114e+01 2.946854475286216246e+00
-1.691386755861192981e+01 2.871924224494367017e+00
-1.851577396662912278e+01 2.731080843119738422e+00
-2.020622800307956268e+01 2.475883309975006608e+00
-2.190709940482198093e+01 2.190737068024468215e+00
-2.360830302228431776e+01 1.886386216070358612e+00
-2.524691842240797968e+01 1.373805501540513951e+00
-2.667898144098405666e+01 5.421321904277186521e-01
-2.772967647811486458e+01 -6.423050737484127248e-01
-2.830852963095630415e+01 -2.100801943423239226e+00
-2.828966065133670682e+01 -3.762507835937873413e+00
-2.759722886464367519e+01 -5.523153333346600746e+00
-2.629220053201519747e+01 -7.256944446334902210e+00
-2.455202508394949845e+01 -8.875489381298393710e+00
-2.240073141924733235e+01 -1.027436578953310331e+01
-1.986718011037938325e+01 -1.133240376632154955e+01
-1.703647653190195399e+01 -1.196676201095871761e+01
-1.417172272626981133e+01 -1.251672520199173633e+01
-1.126077111228103256e+01 -1.283522128151394881e+01
-8.349502455094505393e+00 -1.312910459899327087e+01
-5.442481466788940736e+00 -1.339107805966166964e+01
-2.547499996890850937e+00 -1.360975925071609360e+01
2.558783989953853366e-01 -1.360658689487723194e+01
2.927239430053376612e+00 -1.335145462499849955e+01
5.405886901290783975e+00 -1.280360975182781935e+01
7.629935229824017284e+00 -1.196435471426242536e+01
9.530701299573410168e+00 -1.086708264545517011e+01
1.100542989280285333e+01 -9.557089929324042998e+00
1.194980860067638595e+01 -8.115474181400951892e+00
1.231650876226977687e+01 -6.659537161169149400e+00
1.219650135555648163e+01 -5.294463368923532975e+00
1.176962429947342592e+01 -4.057564665215018351e+00
1.112281804353246528e+01 -2.975153416011718122e+00
1.023698270277858491e+01 -2.152018995047776606e+00
9.189245572740299295e+00 -1.598300262495251811e+00
8.068176852014328659e+00 -1.254680338931032368e+00
6.931413111924262793e+00 -1.036621294627438017e+00
5.794663228794283860e+00 -8.186631542311940679e-01
4.657929915502527329e+00 -6.007386622284915934e-01
3.521228608818325778e+00 -3.828238935920616481e-01
2.416133790397852366e+00 -1.849765809639297431e-01
1.630485071195798552e+00 -1.184680100007861753e-01
8.448421235593289724e-01 -5.195855579265324514e-02
5.921897124366933690e-02 1.453250624040225598e-02
-7.264035815906890736e-01 8.102385657874730529e-02
