5.696433490042733805e-01 -2.711898147446482055e-01 2.307822209143010062e-01
6.214638829928934571e-01 -2.596798624148540235e-01 2.958343646473854394e-01
5.915513610393106081e-01 -2.505823715185124256e-01 2.590105752252800930e-01
5.945981832133711009e-01 -2.225074584722033233e-01 2.546834311655677419e-01
5.925887799466975636e-01 -1.834946268266754443e-01 2.493486603946018787e-01
5.944165039382955928e-01 -1.383775626105121781e-01 2.412700121894381378e-01
5.938400718154086544e-01 -8.977966933961425977e-02 2.320605321507163421e-01
5.959212055786818896e-01 -4.774339756736986629e-02 2.213309208017780749e-01
5.958538962903424663e-01 -9.063234403677768170e-03 2.133651959893786976e-01
5.986753347868285502e-01 2.009659936829018625e-02 2.024153739077368119e-01
6.012544266045994901e-01 4.461215626657277084e-02 1.928286108714137581e-01
6.048067396237251092e-01 6.638688257245753399e-02 1.811870512143986811e-01
6.097730501549899484e-01 8.348598748110126755e-02 1.673604045133271490e-01
6.150833371623267709e-01 1.010370314819538234e-01 1.523979876069917194e-01
6.207493477976526730e-01 1.171553837150942495e-01 1.371667315129541098e-01
6.278115204687436668e-01 1.314366859048574920e-01 1.204386541523127935e-01
6.379026730014488722e-01 1.425732320516421847e-01 1.016188805635429432e-01
6.501187747567257480e-01 1.496852284866075911e-01 8.417812529194886040e-02
6.645445387883072152e-01 1.526955203115833437e-01 6.812940465167972859e-02
6.797697613481935575e-01 1.548354569828261085e-01 5.196245896456980901e-02
6.954193118595290990e-01 1.432148700301620059e-01 4.816536536525322515e-02
7.069136498644847943e-01 1.471764368521971122e-01 3.261322310661230600e-02
7.178680494913834975e-01 1.408719229615651714e-01 3.277209362209275445e-02
7.225768613965404263e-01 1.334219733466783242e-01 2.652679834710568521e-02
7.293319235872648409e-01 1.327908618833590904e-01 3.527190028455182147e-02
7.294936497459705294e-01 1.268261885781285236e-01 2.426714611405316607e-02
7.282419152024501852e-01 1.220480713412113866e-01 3.403493005522002790e-02
7.385974946710374134e-01 1.320438749444478310e-01 3.237207198887363802e-02
7.331578001758787266e-01 1.195499239625496674e-01 2.608729745632577812e-02
7.349896386635107470e-01 1.212020042270627873e-01 3.611601767974493421e-02
7.399484969229198628e-01 1.268047745571827256e-01 3.256709067412956460e-02
7.400380927042867762e-01 1.209782758925845580e-01 2.804603582709494156e-02
7.382597953899336929e-01 1.121864140339594029e-01 3.612409274601399711e-02
7.496934774370385135e-01 1.387231228129224003e-01 2.803128751216106551e-02
7.405787084472579274e-01 1.132008577001176464e-01 2.842232899648253555e-02
7.466675754664683362e-01 1.166415149373842830e-01 3.121504149513405421e-02
7.445136806919229189e-01 1.100588887858823806e-01 3.621390437324948502e-02
7.573571997274902712e-01 1.358259447409804199e-01 1.394290667159743969e-03
7.521859833209625368e-01 1.077334433385462448e-01 5.326494979313316225e-02
7.558581133904381799e-01 1.192281672345951726e-01 2.697113178370694198e-02
7.556228264505728820e-01 1.114798250757993159e-01 2.290686141811570584e-02
7.570273740783490801e-01 1.102845387267258753e-01 3.106715015078936881e-02
7.636142395607711242e-01 1.165292003377948193e-01 2.949678970225155447e-02
7.590834597596876065e-01 1.087227976004485896e-01 1.905719890407391731e-02
7.599852736201541115e-01 1.070916470110092195e-01 3.246856915290938922e-02
7.611378137457064375e-01 1.151259123889819963e-01 2.954713721087418032e-02
7.725012148266514611e-01 1.043459515875491961e-01 2.067481443112636694e-02
7.600211969193664263e-01 1.159014303729532513e-01 3.175465181937763004e-02
7.622499666824490427e-01 5.578580251847224669e-02 5.123707930751966733e-02
7.634375338484489237e-01 1.591517444296555450e-01 7.121214725515052392e-03
