5.931522366325608919e-01 -3.259823781102419438e-01 2.778871599625860611e-01
5.935017477770466732e-01 -2.874738512638992383e-01 2.700010249927686234e-01
5.938510639778339373e-01 -2.489663085885584770e-01 2.621153134694539366e-01
5.942005787491728697e-01 -2.104599206820135515e-01 2.542280288165641444e-01
5.945497315692379603e-01 -1.719525998499542296e-01 2.463401217222882245e-01
5.948991098853404491e-01 -1.334449818346143124e-01 2.384525712136238429e-01
5.952485184330744694e-01 -9.493702077071636269e-02 2.305636488361647862e-01
5.955983110726051910e-01 -5.642947784717017301e-02 2.226745297317921368e-01
5.959562160604718883e-01 -1.793777965095968291e-02 2.147730613327872018e-01
5.977555604335663686e-01 1.580438679194346233e-02 2.049657220670686175e-01
6.009271323400997566e-01 4.303515544867266007e-02 1.933619142284639936e-01
6.051304751441329843e-01 6.490322548151609972e-02 1.801393645417639078e-01
6.097458875565717751e-01 8.508487764880225124e-02 1.662424085510210148e-01
6.152409441546938806e-01 1.027400096896488313e-01 1.511812931648043590e-01
6.217892207898304546e-01 1.182684986838694746e-01 1.351285219008292182e-01
6.298615904430193702e-01 1.313583006861057667e-01 1.182948696394764548e-01
6.397257324087346486e-01 1.417229958467091655e-01 1.011239251454892629e-01
6.519487593182737850e-01 1.479451588723038613e-01 8.449525931562355818e-02
6.654540912150731513e-01 1.510478584154796577e-01 6.909084135611746891e-02
6.794735835077403419e-01 1.513353902908518567e-01 5.567310470081888313e-02
6.928920728899592429e-01 1.484686218068229091e-01 4.567648914827839718e-02
7.053944395819918833e-01 1.443021979450071490e-01 3.776956948501814654e-02
7.155628317635271962e-01 1.391703789614545383e-01 3.301009096814491728e-02
7.234383076585871875e-01 1.340606726700886708e-01 3.035187294949776363e-02
7.276286245113842144e-01 1.304864751130438982e-01 2.994585820955450103e-02
7.297762472278621626e-01 1.285148981313486705e-01 3.024689235195825512e-02
7.317790146295422016e-01 1.267464504039069462e-01 3.056430368699189146e-02
7.333711485729332846e-01 1.258179520623756709e-01 3.073598936805441856e-02
7.349638849319861666e-01 1.248894356865259264e-01 3.090693517207775826e-02
7.365566557490434985e-01 1.239610274468710277e-01 3.107867954401992427e-02
7.381902412045874273e-01 1.230550478685344257e-01 3.118689015998850692e-02
7.399934845631661595e-01 1.222140059986146360e-01 3.092044732926299902e-02
7.417901281583131334e-01 1.213788409158267495e-01 3.062679373002219832e-02
7.435868099074403048e-01 1.205437743389028843e-01 3.033312942064789533e-02
7.453824374682698206e-01 1.197081112460843672e-01 3.004027661276377492e-02
7.471772254877470099e-01 1.188726451121803751e-01 2.974754624671497108e-02
7.489667189755150334e-01 1.180379662155270348e-01 2.945417311921164072e-02
7.506868269688116158e-01 1.172031701944807464e-01 2.918248068970630271e-02
7.523075356619532972e-01 1.163647624983425721e-01 2.892448978641744620e-02
7.538747235331455521e-01 1.155230680656837705e-01 2.868248354889143398e-02
7.553266037579141612e-01 1.146787919169964531e-01 2.848689146763252328e-02
7.567437438833948260e-01 1.138399996218231180e-01 2.830793238847084670e-02
7.580835176193786440e-01 1.130119201952196478e-01 2.816123977108155388e-02
7.593672474042770792e-01 1.122008254058907695e-01 2.802281574868625835e-02
7.604941468836650120e-01 1.114585747159542450e-01 2.790764757124637382e-02
7.614570012158418111e-01 1.108023008967920081e-01 2.781342229722428769e-02
7.614619783157349220e-01 1.107983415681996486e-01 2.781267799623940787e-02
7.614657662960198081e-01 1.107963689868616403e-01 2.781099709674683326e-02
7.614688377346248149e-01 1.107931408932547185e-01 2.780924771585334410e-02
7.614718217799718580e-01 1.107896175949599632e-01 2.780722023183533620e-02
