4.217429831093471027e-01 -5.808166132925184771e-02 4.241689998055597211e-01
4.208063449997089256e-01 -5.610781559521502843e-02 4.235041476404803329e-01
4.156600283893017722e-01 -4.508037116041981041e-02 4.197796776358960757e-01
4.045415259609879688e-01 -2.050806581993143418e-02 4.114125652166788494e-01
3.899731546973359553e-01 1.344488233249527091e-02 3.996355856311771260e-01
3.743069222301188548e-01 5.346984200039792134e-02 3.852468944272119389e-01
3.599975233544762121e-01 9.693237051713010644e-02 3.685677984207098024e-01
3.510368134507850790e-01 1.357066903405821923e-01 3.520733466635626585e-01
3.482962864706434236e-01 1.708208579498271540e-01 3.345490138516116208e-01
3.526121882894473480e-01 1.976204159860599496e-01 3.177566824493059383e-01
3.633245052562865673e-01 2.176333061356120202e-01 3.006973196607093390e-01
3.803847070302122657e-01 2.317057987167736310e-01 2.822495318681403353e-01
4.008933867689227215e-01 2.392181322420655620e-01 2.639552131039631377e-01
4.255942663946916116e-01 2.418628782634917318e-01 2.435664707531834394e-01
4.511540982385462972e-01 2.403171906152914428e-01 2.227200441380183249e-01
4.779603744434551271e-01 2.356325667552826852e-01 2.003345178872146803e-01
5.067647834351438618e-01 2.281175829667008714e-01 1.753747663111616395e-01
5.341821409427603973e-01 2.191692790205064523e-01 1.508574165203937223e-01
5.607933122099555412e-01 2.091388834001553787e-01 1.266651132740855557e-01
5.869271713920048983e-01 1.982082753843408540e-01 1.029561117838677514e-01
6.092617543364446941e-01 1.881005366855426353e-01 8.319231967011170292e-02
6.294594823161896446e-01 1.784163061019666263e-01 6.633081430548407043e-02
6.454545779459214261e-01 1.703920864877792041e-01 5.434061104653039459e-02
6.584878171937103009e-01 1.636147476056351857e-01 4.615173887750383119e-02
6.694475471271474909e-01 1.577109107805877430e-01 4.101005321167773554e-02
6.778466409631972445e-01 1.529954923642745934e-01 3.857666755569617162e-02
6.851338868851130082e-01 1.487229111260185976e-01 3.769072414299785845e-02
6.911111979507224001e-01 1.450323060793359820e-01 3.772514505923269673e-02
6.966743519623792569e-01 1.416144002881769837e-01 3.812327221606937044e-02
7.021539892117564241e-01 1.380476413011557657e-01 3.859361183361401798e-02
7.074904820740217648e-01 1.347436563408013488e-01 3.896539900811284152e-02
7.130865820758345297e-01 1.312172998125464840e-01 3.919556822426174814e-02
7.184127100681148015e-01 1.278008369008341027e-01 3.925018954181071218e-02
7.238528133495431005e-01 1.245080961052432156e-01 3.914071629639892524e-02
7.292004430495874212e-01 1.209955821556922828e-01 3.884763544669512375e-02
7.340664258643940787e-01 1.177848242419853864e-01 3.840290718163536648e-02
7.385171556141151283e-01 1.147356254333157244e-01 3.784742605582147590e-02
7.426893694102038035e-01 1.118297365240097235e-01 3.712734750057473943e-02
7.461086431843176880e-01 1.093766793573711649e-01 3.648148311592677023e-02
7.491017519199297814e-01 1.072490239119354011e-01 3.588557950781058603e-02
7.513684623768593918e-01 1.056776059543572399e-01 3.541163904111660488e-02
7.530966016266246177e-01 1.045658679016793630e-01 3.510352637971298623e-02
7.543870832524911529e-01 1.038628437885094485e-01 3.494700385461282921e-02
7.551812494081707738e-01 1.035764777035252104e-01 3.489079367407419557e-02
7.556482981424900158e-01 1.035891487694255431e-01 3.485547354140225429e-02
7.558305153430059375e-01 1.037722808255187590e-01 3.505818356671386304e-02
7.559463682159793807e-01 1.040781328864754385e-01 3.499603116643127537e-02
7.559266698859744560e-01 1.042963609592897495e-01 3.485701329673657201e-02
7.558241194604626845e-01 1.044529163782036557e-01 3.539050044407457407e-02
7.558688755832131401e-01 1.044832372370954610e-01 3.483826321865986231e-02
