4.186880232040834371e-01 -8.399052942868948102e-02 4.390996421095740287e-01
4.107178655464285844e-01 -5.325193259400536755e-02 4.264231351899775424e-01
4.027483465761864667e-01 -2.251246527388013965e-02 4.137481666592270346e-01
3.947786273273930502e-01 8.227326932363986448e-03 4.010731278489841345e-01
3.868100377728532213e-01 3.896703715561006254e-02 3.883972091803292725e-01
3.788627082793292744e-01 6.973742970304379341e-02 3.756930131730957800e-01
3.711204400459580111e-01 1.006498582728014568e-01 3.628053138541520450e-01
3.634317183026553599e-01 1.315788112398102727e-01 3.498859232780781592e-01
3.558557242049466551e-01 1.624963561825397418e-01 3.369117607252897217e-01
3.575166352332619923e-01 1.899543796661219974e-01 3.207006029413099202e-01
3.667173437596742414e-01 2.124373394521886504e-01 3.025428187143843761e-01
3.829428001019825611e-01 2.280995276926120752e-01 2.829127889672734542e-01
4.040242713619640602e-01 2.369638432597098998e-01 2.621391216916884592e-01
4.281295516361725562e-01 2.396438624907693271e-01 2.405951251016089920e-01
4.539683932807682121e-01 2.360434115230080621e-01 2.184095561039135491e-01
4.798108584822443623e-01 2.323660194323289574e-01 1.962209548272986492e-01
5.050699853002316164e-01 2.242601524659111056e-01 1.743327699692245603e-01
5.302522442023797078e-01 2.159367810276175970e-01 1.524945117648579263e-01
5.553722509748602043e-01 2.075088953745858611e-01 1.306994769756058272e-01
5.804642106081714381e-01 1.990472224473720242e-01 1.089336743480060904e-01
6.055021833181593038e-01 1.905501147002875151e-01 8.722038435152550118e-02
6.267439524266646966e-01 1.811992435306883364e-01 6.965440112230965319e-02
6.448684649870377594e-01 1.720995675352800236e-01 5.576765054646828923e-02
6.587637836746399467e-01 1.643391773685370649e-01 4.693614879457647798e-02
6.696446862260115873e-01 1.580151033323826393e-01 4.174467048219675236e-02
6.785974190572952036e-01 1.527341008407714362e-01 3.873131435328163591e-02
6.847247060756208592e-01 1.489777606760801232e-01 3.843422610877730849e-02
6.905221731218592618e-01 1.453582106996370582e-01 3.840829311747207681e-02
6.962357510585215348e-01 1.417809503126403470e-01 3.844117623547656931e-02
7.019488944879275216e-01 1.382030733175314829e-01 3.847396593031967432e-02
7.075399956639785159e-01 1.346752262068913464e-01 3.853520435207759970e-02
7.131309914751146062e-01 1.311477135864866084e-01 3.859644810622990529e-02
7.186805147453073639e-01 1.276430977407689016e-01 3.864435950006571419e-02
7.241607685418308682e-01 1.241662005545044190e-01 3.866422244883246928e-02
7.290759309522675258e-01 1.209401802546552079e-01 3.842594763948294773e-02
7.338188844462850691e-01 1.177958771521014081e-01 3.810488384071706452e-02
7.383444933201614990e-01 1.147693389011013448e-01 3.770488384416401800e-02
7.424403320109095317e-01 1.119764303963423219e-01 3.718920460744928186e-02
7.460079407238041638e-01 1.094946065369738070e-01 3.660816290575956422e-02
7.488111813784872339e-01 1.075516511473234155e-01 3.604994818092161629e-02
7.513564486034567391e-01 1.058116876198743894e-01 3.553148386998912500e-02
7.532633035199542970e-01 1.045935975827469999e-01 3.515956909501008476e-02
7.542770963728838707e-01 1.041110471217299993e-01 3.502644296532365920e-02
7.551378305164697657e-01 1.037385660475492605e-01 3.493230290697518087e-02
7.554436580438745885e-01 1.037700963530509002e-01 3.493265285770884993e-02
7.556290079526833958e-01 1.038664118130855768e-01 3.494518078599206934e-02
7.557247018391584081e-01 1.039866150511924020e-01 3.496278969052316055e-02
7.558175530838610046e-01 1.041079461230917380e-01 3.497950012152660493e-02
7.559105646474463258e-01 1.042293009526071984e-01 3.499594465654548570e-02
7.560037443670653001e-01 1.043506618998353841e-01 3.501261278546984740e-02
