-4.284038081363678430e+01 -4.543889601900354336e+01
-4.061198488729944955e+01 -4.444717943860683107e+01
-3.957875674478017913e+01 -4.882108050082430850e+01
-4.120216347292504366e+01 -3.956458951784210143e+01
-3.833377231983342170e+01 -3.964309245322233721e+01
-3.734238315605502123e+01 -3.549678930709865199e+01
-3.706883214270987281e+01 -2.906205936606765761e+01
-3.844868850614057720e+01 -2.462866906118542332e+01
-3.548073068845333466e+01 -2.246741296723256553e+01
-3.354958899879909495e+01 -1.798446047199453801e+01
-2.997759381069784013e+01 -1.523048308671723028e+01
-3.340674128682412203e+01 -1.362537516156920248e+01
-3.715392314919826333e+01 -9.710801798322837186e+00
-3.865706822342811222e+01 -5.378929172207833176e+00
-3.795674918373597961e+01 -7.612631808050617233e-01
-3.502360971861337902e+01 2.515051383537187490e+00
-3.108564906311772091e+01 2.167136155104086637e+00
-2.554134632609707012e+01 9.941888791450187446e-02
-2.295375676553812028e+01 -3.144581230746785749e+00
-2.002237146341025209e+01 -8.858387606683955084e+00
-2.107786759137081134e+01 -3.906167372813944105e+00
-1.876999757392593082e+01 -1.129033397702604447e+01
-2.166673166246554771e+01 -1.221602642399050076e+01
-2.020070324317774180e+01 -1.610191332321836555e+01
-2.054487577446327151e+01 -2.110072506203860598e+01
-1.751055365747754777e+01 -2.321724497066621140e+01
-1.921848188201043328e+01 -2.672865229070720261e+01
-1.754189336675863231e+01 -3.056121616766733240e+01
-1.370259219225094149e+01 -3.286589065840411195e+01
-1.827603043572636565e+01 -3.282964429299782694e+01
-2.095537318745207855e+01 -3.579142425975172870e+01
-2.168554239134608608e+01 -4.037293209280163353e+01
-1.872515850444376895e+01 -4.271425899020183437e+01
-1.348911136840735914e+01 -4.443639941523149162e+01
-1.017064727886226549e+01 -4.262254070748507218e+01
-6.667804212060194580e+00 -3.848011767395483673e+01
-4.786113346459464069e+00 -3.380719778049439128e+01
-4.450526056707150069e+00 -2.864807451227555646e+01
-6.350814884715695996e+00 -2.465885244447631663e+01
-9.007444003295370649e+00 -2.728539764401968526e+01
-8.979299555332394434e+00 -2.293352270282684913e+01
-7.736474161097397939e+00 -1.660487669814212452e+01
-4.916264020559495407e+00 -1.396180625773070183e+01
-1.730074309533181198e+00 -8.849654700592248346e+00
1.964017775172748781e+00 -6.386300223235966911e+00
-1.178316014090333708e+00 -4.318905378930249839e+00
-5.444676092896761910e-01 -3.818729595054616843e-01
-3.825795516689158404e+00 1.736714148181183193e+00
9.745539931031007574e-01 1.508356182936142487e+00
-1.722909676802882428e+00 -1.324915745587515348e+00
