-4.135189965873052387e+01 -4.769491597313056275e+01
-4.066260286189569939e+01 -4.449878325240640464e+01
-3.997330584607574622e+01 -4.130264924819302053e+01
-3.928397328051691773e+01 -3.810643701668192307e+01
-3.859466030248363921e+01 -3.491022445873394986e+01
-3.790534096670809561e+01 -3.171396452794889598e+01
-3.721596336556311257e+01 -2.851765898581447445e+01
-3.652658312828286569e+01 -2.532133950645324560e+01
-3.583719658578190348e+01 -2.212497935224724088e+01
-3.514778992928032864e+01 -1.892862487897455992e+01
-3.445838139333118733e+01 -1.573226797873498839e+01
-3.376895689978086779e+01 -1.253591847561958872e+01
-3.307945801800807573e+01 -9.339612588065964616e+00
-3.214961615324862265e+01 -6.645774779888764527e+00
-3.073035508098454827e+01 -5.340336935280558528e+00
-2.929845642794003169e+01 -4.079552085048819166e+00
-2.783896629567745151e+01 -2.869286326522468400e+00
-2.623004397995030246e+01 -2.275615259933290613e+00
-2.471896285438505103e+01 -3.727498897951136758e+00
-2.358250017174768587e+01 -6.082797390392793879e+00
-2.244670427793990086e+01 -8.438975963362143062e+00
-2.174070469227811131e+01 -1.130624540490819108e+01
-2.105033305551682332e+01 -1.418712183454787379e+01
-2.043936022490707671e+01 -1.711815043243637291e+01
-1.982928998566161738e+01 -2.004954299988146715e+01
-1.921921958700066924e+01 -2.298093554582400344e+01
-1.860947083652635214e+01 -2.591214671192852137e+01
-1.800156045878001976e+01 -2.884111750219307169e+01
-1.749316593404692100e+01 -3.155525465350229553e+01
-1.698757470685114868e+01 -3.425854215108784473e+01
-1.648221105239564466e+01 -3.695645502998998211e+01
-1.569603459071935347e+01 -3.789108720146778353e+01
-1.490853353166589201e+01 -3.881974494493400130e+01
-1.382973885448978635e+01 -3.879066966562342600e+01
-1.267920335502917517e+01 -3.839226867888560690e+01
-1.146904926849264861e+01 -3.639540551646346245e+01
-1.046352632461441523e+01 -3.319443615669549530e+01
-9.458057636116702582e+00 -2.999331006202647032e+01
-8.452622300721161608e+00 -2.679215043188251499e+01
-7.447248602060125400e+00 -2.359084021718332380e+01
-6.445147965850683391e+00 -2.037785875370327204e+01
-5.443106866089332918e+00 -1.716475681758274874e+01
-4.441099872588819331e+00 -1.395163965107349213e+01
-3.439103710860438756e+00 -1.073852993077068341e+01
-2.437136767696557627e+00 -7.525427068591511670e+00
-1.435171174428560237e+00 -4.312331631966221046e+00
-4.332137454221259287e-01 -1.099236498121237915e+00
5.677035631280856753e-01 2.111457271392695123e+00
1.568615077764599519e+00 5.322129418947539214e+00
2.569527764030748784e+00 8.532804870648218909e+00
