5.905395023451519565e-01 -2.957175883234066660e-01 2.698654837120656458e-01
5.833951874191851683e-01 -2.963782302613139352e-01 2.638949776032400441e-01
5.867150235487063048e-01 -2.855357064119705135e-01 2.655175310772235342e-01
5.878813899500856532e-01 -2.740210733792535214e-01 2.607634865529024348e-01
5.880594809148651514e-01 -2.572489172563264814e-01 2.560085572313182678e-01
5.890068768206231375e-01 -2.326711630192560276e-01 2.497863249014995735e-01
5.920583998181486729e-01 -2.095410649345403054e-01 2.421778676314495782e-01
5.904114289727360187e-01 -1.824321759812680688e-01 2.339281257567872585e-01
5.935934945720239275e-01 -1.580854958768808660e-01 2.251750136644955491e-01
5.964052204116709888e-01 -1.316877353221660163e-01 2.151665494238844401e-01
5.988254619667228162e-01 -1.072387681921760372e-01 2.053620235497461977e-01
6.013692129959651300e-01 -8.249331794233334680e-02 1.962553029601094845e-01
5.996055017754648997e-01 -5.784889549947289100e-02 1.878830812532535088e-01
5.992712758706061349e-01 -3.763946199047325802e-02 1.801323253404608082e-01
5.980991319548125684e-01 -1.596315078364612949e-02 1.728327357330710634e-01
5.979212613266353671e-01 1.698914865496298698e-03 1.656470748408144233e-01
5.994804980737126199e-01 1.755968851769653533e-02 1.595481963341134346e-01
6.012797160321503576e-01 3.426642114774280934e-02 1.518840149916599602e-01
5.984212436547474701e-01 4.944373450207487086e-02 1.476326878472669357e-01
6.030287888518439665e-01 6.396614030471425849e-02 1.383864791328475174e-01
6.063076817928592099e-01 7.832131033124919983e-02 1.300203784100410764e-01
6.102008846822879473e-01 9.336884160521852216e-02 1.227910004818124345e-01
6.156805463275093482e-01 1.095345310927082760e-01 1.158140220598698200e-01
6.180720920860307555e-01 1.227654189532187412e-01 1.087302113117114694e-01
6.233113845890441151e-01 1.351411852968783522e-01 1.004946555186909674e-01
6.286533413154767880e-01 1.454412166766275716e-01 9.117952543564963874e-02
6.369871677296884416e-01 1.539694352967666269e-01 8.454544550300298333e-02
6.447642574530479953e-01 1.595278823086593578e-01 7.530997418635776430e-02
6.569817366718408991e-01 1.610973101994551404e-01 6.772650321130763151e-02
6.687500219640829524e-01 1.600282763807597264e-01 5.857795408459574166e-02
6.816775250838364997e-01 1.554451143111562073e-01 5.530433433184608200e-02
6.916255590976714274e-01 1.480534292618110315e-01 5.193367193124867609e-02
6.985768843568708197e-01 1.485128822343214916e-01 4.334364180337125366e-02
7.106144413170972784e-01 1.432643367404377865e-01 4.769132695043616643e-02
7.123422683771828412e-01 1.332217408089522714e-01 4.765309004884464572e-02
7.209479145479545936e-01 1.389314962677457577e-01 4.399434611957733776e-02
7.229115195529153270e-01 1.299903960810334380e-01 4.419263609764485790e-02
7.284107296706505696e-01 1.300229519629209629e-01 4.338933240613848663e-02
7.310870321638983649e-01 1.255483148067970678e-01 4.249522963013559196e-02
7.388208549587901297e-01 1.316237272580993989e-01 4.695513048733156170e-02
7.382343649813373210e-01 1.227195866932963841e-01 3.768157917090016185e-02
7.439705204597246713e-01 1.245621231589846001e-01 4.838136329599511398e-02
7.479735283772253052e-01 1.218605524720657446e-01 3.707416051221430059e-02
7.519651995805449740e-01 1.165792504496012266e-01 4.240744760257003643e-02
7.458834396496689667e-01 1.087922089968072215e-01 4.432663621582662999e-02
7.711105304158627494e-01 1.417281082307697004e-01 3.589064891668441309e-02
7.462467233022214153e-01 1.024789930093277235e-01 4.410149094556044258e-02
7.549262823643717590e-01 1.166700446187334400e-01 4.266918253943137451e-02
7.607173442908348182e-01 1.064378521205097822e-01 4.036785648576888402e-02
7.646136421172746722e-01 1.165087516034526427e-01 4.092943526227448697e-02
