5.876007063450349177e-01 -2.953236355647457789e-01 2.671557600888159190e-01
5.876570065429841394e-01 -2.860144507367304301e-01 2.647462492943308821e-01
5.877130147250383407e-01 -2.767052656010139389e-01 2.623368522496616340e-01
5.877696300858433753e-01 -2.673887785432648156e-01 2.599260492705381953e-01
5.885871412065303288e-01 -2.505170471261817244e-01 2.550235550609722401e-01
5.897844705347731198e-01 -2.277536681437715982e-01 2.475066932709472090e-01
5.909670901359106443e-01 -2.042635796808540405e-01 2.393517837512204871e-01
5.921488060343204074e-01 -1.807648312885709874e-01 2.311890562090593015e-01
5.933296298133647895e-01 -1.572670189064634405e-01 2.230203791564664140e-01
5.945077850491604643e-01 -1.337700899279666567e-01 2.148474768004947077e-01
5.956761465961326607e-01 -1.102770008109787703e-01 2.066671853646355750e-01
5.968264864471445330e-01 -8.679353113654547647e-02 1.984826215126388738e-01
5.977730733089661186e-01 -6.359326738743178997e-02 1.902592228959657239e-01
5.985702993328093635e-01 -4.060315679031450270e-02 1.820349325551267050e-01
5.988366480832394423e-01 -1.958664644565445007e-02 1.741459856602654566e-01
5.990565614797686012e-01 -4.890287895321196628e-04 1.666601526067626737e-01
5.996874555660465234e-01 1.701725244285051675e-02 1.594260300562496957e-01
6.007061667561005569e-01 3.379432378278263149e-02 1.522521676746080022e-01
6.018886052791208030e-01 5.036964979075702481e-02 1.450702917311773310e-01
6.043115007863939514e-01 6.567843165608683309e-02 1.377710691537399612e-01
6.069821339095150536e-01 8.075869119285854214e-02 1.304262742694101418e-01
6.107872139591954408e-01 9.479197505333933349e-02 1.228222592773101363e-01
6.146647519278204408e-01 1.087533101569373717e-01 1.152009223642052327e-01
6.187051013055865356e-01 1.225277841584309912e-01 1.075281795572447935e-01
6.235332559168879074e-01 1.352586195651663270e-01 9.964372368374486977e-02
6.300127178667197514e-01 1.455323081573534072e-01 9.137989258865859832e-02
6.381233941650428232e-01 1.529515038586992670e-01 8.302351706751222304e-02
6.475937712348935893e-01 1.574043181193564289e-01 7.495350504441486428e-02
6.582724518184142060e-01 1.578284712869427175e-01 6.786407721657203296e-02
6.690955839735753807e-01 1.567832992183404717e-01 6.147024349275657246e-02
6.795273373302735953e-01 1.538798154958331277e-01 5.645482915341502872e-02
6.894178219069746483e-01 1.502074048114535876e-01 5.234399904653913582e-02
6.989309475001607153e-01 1.463265198445688475e-01 4.866798077704708597e-02
7.068934286320578408e-01 1.423333805943144403e-01 4.639869588819144769e-02
7.130934614743742461e-01 1.389144664989568345e-01 4.535969559936834511e-02
7.185354953693516844e-01 1.359436614280502553e-01 4.475343282110159915e-02
7.238120866865558334e-01 1.331026440341721018e-01 4.423708447721540205e-02
7.290818258104299066e-01 1.302677685691332743e-01 4.372187507041021270e-02
7.334661803695623483e-01 1.281168187843786388e-01 4.332434092103068513e-02
7.370599475352193064e-01 1.264104583797920900e-01 4.297327576936008781e-02
7.402746555022210462e-01 1.248358766971453121e-01 4.265670231455549744e-02
7.434855655132348584e-01 1.232615500052920282e-01 4.233856307795307028e-02
7.466836287815876716e-01 1.216884416906427457e-01 4.201962338955954335e-02
7.498817078263766422e-01 1.201153385969855464e-01 4.170061411832959308e-02
7.515975405532160369e-01 1.189699087339935318e-01 4.159134394738209922e-02
7.533103643521611437e-01 1.178250921036379933e-01 4.148155796368930420e-02
7.550188176851629906e-01 1.166805993978628220e-01 4.137417464944353335e-02
7.567261662269078037e-01 1.155369649232802082e-01 4.126781403758243011e-02
7.584335451775562342e-01 1.143933037741569625e-01 4.116188293892830002e-02
7.601413210486849259e-01 1.132499944225269645e-01 4.105541163776615932e-02
