5.810579308384057340e-01 -3.003911773099708915e-01 2.631343788043344900e-01
5.799717333993488211e-01 -2.984383008300681706e-01 2.629651947859958372e-01
5.736055061612396200e-01 -2.868754223896106126e-01 2.620852935985935606e-01
5.588132190840340296e-01 -2.595687799040489185e-01 2.603748405582295700e-01
5.374396267376539971e-01 -2.191686477296270197e-01 2.584393243717743038e-01
5.112304107137692899e-01 -1.678790853507003411e-01 2.567545121059571223e-01
4.820044012395148791e-01 -1.074298279608659062e-01 2.556656035540313954e-01
4.559679397105757537e-01 -4.852576176334180008e-02 2.553102156927705146e-01
4.335126178212539427e-01 1.038730555753147357e-02 2.552309339931241872e-01
4.185895661482872954e-01 6.109237035716322956e-02 2.546483892913932734e-01
4.107505815240172775e-01 1.050416396826583942e-01 2.525594562616902405e-01
4.101045351747456547e-01 1.431542561801399382e-01 2.476088136813386353e-01
4.161418113005666553e-01 1.714961395361241925e-01 2.393615363187258371e-01
4.286262378492508573e-01 1.929566634362927524e-01 2.264062417132191862e-01
4.456173618132593939e-01 2.059290695184596287e-01 2.098877945448688331e-01
4.669424716589455904e-01 2.123594153052218436e-01 1.897022876868845742e-01
4.932844155085416293e-01 2.131100556000878887e-01 1.655589498592091868e-01
5.212653144267418437e-01 2.092386326483208492e-01 1.411619018959899829e-01
5.509393328438004778e-01 2.020525937050655363e-01 1.170469204046046124e-01
5.824181038601590199e-01 1.921707653152853745e-01 9.376885528521992919e-02
6.111710294508951868e-01 1.816050659230245556e-01 7.485508210451326250e-02
6.385733047555515185e-01 1.702782525406021652e-01 5.922616778952610045e-02
6.609410654729093171e-01 1.600312901410654853e-01 4.855973666774875130e-02
6.790840121541922292e-01 1.508855934206218830e-01 4.173264079539598659e-02
6.935530621400567419e-01 1.428263413327166553e-01 3.805228228444496041e-02
7.034446659286444081e-01 1.366917947902240305e-01 3.708492766893046327e-02
7.106103274021781102e-01 1.317018304970325460e-01 3.785591884578656807e-02
7.152919406665537716e-01 1.280354696958105887e-01 3.953358084969967740e-02
7.187142906031345202e-01 1.250995666941006057e-01 4.150730310853793098e-02
7.216414548046657940e-01 1.226566551001300326e-01 4.342088268931165729e-02
7.242241397471914643e-01 1.198459992980664968e-01 4.479869877589486016e-02
7.269109250995392513e-01 1.181434182985542786e-01 4.566712193841775819e-02
7.295524990684880695e-01 1.158839197178277852e-01 4.597787375348629663e-02
7.321674349535123305e-01 1.138739286665192973e-01 4.590185392619131749e-02
7.348970374607413092e-01 1.118083580418458428e-01 4.556242093354577471e-02
7.374159444954148102e-01 1.099058924974599116e-01 4.514273009437305695e-02
7.398977984506087680e-01 1.080631940043835643e-01 4.467299284023887318e-02
7.423474678611345912e-01 1.061416602033721096e-01 4.425284526558287412e-02
7.445947848674770997e-01 1.043509932405038143e-01 4.386515298197131429e-02
7.467865064932982522e-01 1.026144708525204702e-01 4.351719907719758806e-02
7.486418214062360299e-01 1.011388236062753937e-01 4.318759012322243712e-02
7.502205842658106194e-01 9.996249304275288405e-02 4.287750130834858814e-02
7.515388814702220754e-01 9.912775030346319960e-02 4.259297037362861499e-02
7.524657182089510288e-01 9.874631287940206781e-02 4.231679247360644464e-02
7.531251718232779835e-01 9.874684819869669616e-02 4.206386545014213774e-02
7.535065223933870016e-01 9.903293331581489167e-02 4.183819815100281447e-02
7.537094339147706323e-01 9.945190989887357780e-02 4.164355690024699325e-02
7.537966046588843172e-01 9.985668440110755106e-02 4.150040535347981202e-02
7.538362197615506854e-01 1.000800194885026334e-01 4.142513409074602415e-02
7.538216799815349312e-01 1.001289859093814349e-01 4.141518524529277934e-02
