5.931113885731503776e-01 -3.352447977731002338e-01 2.631436168775517781e-01
5.747984894321714888e-01 -2.984297915437290061e-01 2.621367500042716681e-01
5.564840232256748065e-01 -2.616137068810535649e-01 2.611293017739558797e-01
5.381684116846167099e-01 -2.247978670941330193e-01 2.601239134752513782e-01
5.198504124319875963e-01 -1.879699581713117906e-01 2.591191469596243468e-01
5.019809970746577088e-01 -1.409586648707228107e-01 2.580020951910470539e-01
4.841746444582082365e-01 -9.371629657715153938e-02 2.568828312606554198e-01
4.663683164552626659e-01 -4.647357957819315405e-02 2.557629259197331528e-01
4.486209739401973984e-01 8.057978198215240591e-04 2.546274301040245547e-01
4.309673208971408487e-01 4.809683013668026447e-02 2.534732353041782571e-01
4.155310131333387336e-01 9.485471659294766877e-02 2.517752129548243567e-01
4.116653455436253273e-01 1.351029744968205437e-01 2.461888819452588695e-01
4.171859293838908189e-01 1.670651834441328754e-01 2.363767135788994722e-01
4.301137464978343483e-01 1.900027198872302481e-01 2.222001633625275141e-01
4.488281665099041473e-01 2.039842774166931716e-01 2.042339766653202549e-01
4.719107874101152733e-01 2.096589383774586091e-01 1.836545293634961884e-01
4.977558291952875469e-01 2.088305723783353829e-01 1.621419805946064108e-01
5.251584262115415180e-01 2.031361443244368847e-01 1.410614811693464421e-01
5.525917804144687695e-01 1.972798426817068962e-01 1.200425177096845070e-01
5.800156261187864315e-01 1.900623455239214832e-01 9.998618368591544181e-02
6.069577035971206458e-01 1.813073563066736338e-01 8.172198012538342549e-02
6.337132552241666605e-01 1.723522157523298126e-01 6.387963267760232711e-02
6.571817741758634313e-01 1.622752865101944886e-01 5.123773508335426052e-02
6.768237961004721637e-01 1.524653317996146618e-01 4.310219334066219682e-02
6.920605288308159242e-01 1.438526952964238048e-01 3.894010348896153467e-02
7.031787936986229059e-01 1.369129312422092126e-01 3.758663349093956108e-02
7.089856710882403990e-01 1.326036667897305121e-01 3.878820025866067112e-02
7.145869878801371922e-01 1.284100728794645985e-01 4.005136276558903669e-02
7.180177887564264116e-01 1.255748011485974258e-01 4.144405329228791762e-02
7.212731247017177827e-01 1.228605888569965637e-01 4.278751495348857847e-02
7.244242503563047553e-01 1.202353360972078650e-01 4.404082516861162339e-02
7.274444673374403925e-01 1.177256025444097798e-01 4.510478108058780383e-02
7.301034841224812721e-01 1.156017350464508403e-01 4.544466820105553390e-02
7.326917123617550098e-01 1.135473677773256307e-01 4.562710878428393596e-02
7.350641885565203371e-01 1.117095169770181418e-01 4.534820521332535298e-02
7.373980011683832769e-01 1.099033753066337438e-01 4.501627887010280910e-02
7.397317865315206076e-01 1.080978898817526596e-01 4.468418188494711202e-02
7.420645960702505484e-01 1.062915535821676583e-01 4.434951305518008979e-02
7.442981070789125297e-01 1.045619205741841196e-01 4.398103391659588524e-02
7.464926095674035977e-01 1.028669887216973888e-01 4.360694343236459075e-02
7.485334971103257962e-01 1.013240737855624907e-01 4.322547212466389122e-02
7.504888096057176217e-01 9.987244297904371293e-02 4.284474193731246938e-02
7.515360593668565237e-01 9.937663858265131933e-02 4.254251665212795130e-02
7.525140959971723387e-01 9.895467206041169694e-02 4.224845150144603684e-02
7.529003051498062149e-01 9.903218837645941242e-02 4.206315380852731350e-02
7.532102298519099959e-01 9.916700102937348049e-02 4.189420092681517271e-02
7.534115990248341221e-01 9.935830761241865039e-02 4.175516466532798454e-02
7.536101534706665106e-01 9.955014250632962525e-02 4.161695278304358703e-02
7.538092765136028550e-01 9.974170063844010892e-02 4.147798681572614082e-02
7.540081610142771451e-01 9.993352906509028744e-02 4.134002074559110090e-02
