-4.335237653946762748e+01 -2.095026288733519948e+01
-4.297367548501654966e+01 -2.203396396459614692e+01
-4.259497611665312178e+01 -2.311766642501247304e+01
-4.221624284189540077e+01 -2.420143402450312209e+01
-4.183747048232539356e+01 -2.528523635572392081e+01
-4.145870381929668014e+01 -2.636904153410717910e+01
-4.107988926205649705e+01 -2.745285738444251322e+01
-4.070098822205036271e+01 -2.853671059953680711e+01
-4.032207486759202908e+01 -2.962056436453586628e+01
-3.994284475914587773e+01 -3.070409220287919538e+01
-3.918712801301705895e+01 -3.141563098396876441e+01
-3.843010033811090409e+01 -3.212656003937595273e+01
-3.767091238137245313e+01 -3.283485310124069656e+01
-3.690760802261007001e+01 -3.353737230466682462e+01
-3.591889204857076834e+01 -3.388269186515260145e+01
-3.467863890948871841e+01 -3.360696504837791565e+01
-3.343837347088404499e+01 -3.333121664323833500e+01
-3.225539321962857287e+01 -3.225288168539497491e+01
-3.107421379178670406e+01 -3.116784925656916627e+01
-2.989308269252696348e+01 -3.008271009948753516e+01
-2.871195125596647202e+01 -2.899757378876597969e+01
-2.753082099283596307e+01 -2.791243791414314046e+01
-2.634968310827949622e+01 -2.682730204335879520e+01
-2.516853119984453713e+01 -2.574219301411040917e+01
-2.398737931431515591e+01 -2.465708411490542673e+01
-2.280623013610024330e+01 -2.357197480977680826e+01
-2.162503349536190456e+01 -2.248690378676274548e+01
-2.044383026783197010e+01 -2.140186167588350941e+01
-1.906301079655994712e+01 -2.083518418079928836e+01
-1.768218681810099469e+01 -2.026850044789117078e+01
-1.630136356238506679e+01 -1.970181948624458101e+01
-1.492054261506784663e+01 -1.913514090005643453e+01
-1.353971464745903042e+01 -1.856846092533047354e+01
-1.215888406061035809e+01 -1.800178335888200110e+01
-1.077805886589787221e+01 -1.743510690968249932e+01
-9.397233764271135215e+00 -1.686843089266865547e+01
-8.016502431623784730e+00 -1.630160906238466012e+01
-6.785021251057264280e+00 -1.550669649698875929e+01
-5.937907372081508761e+00 -1.430048101056615906e+01
-5.276872770021070025e+00 -1.298834123576737554e+01
-4.616326949415545222e+00 -1.167592852439559081e+01
-3.986416594671702729e+00 -1.034844850528570426e+01
-3.356884120902787760e+00 -9.020654392804328126e+00
-2.748850660635671961e+00 -7.682934073295573540e+00
-2.140882037072568522e+00 -6.345182553200266362e+00
-1.533115292930420814e+00 -5.007445491725141196e+00
-9.254410176364045171e-01 -3.669729373765723057e+00
-3.177681885816289742e-01 -2.332005388682759861e+00
2.899052052816998848e-01 -9.942814513326938552e-01
8.975815144150897096e-01 3.434388463238499112e-01
