-4.233894062533831004e+01 -2.388666806368585682e+01
-4.550517947525826656e+01 -2.148757214194949938e+01
-4.287855198070258211e+01 -2.207661192240202297e+01
-4.296496934408554580e+01 -1.976664775279209607e+01
-4.133232873911882876e+01 -2.229294605947460539e+01
-3.968348503479093381e+01 -2.602634652543721216e+01
-4.171679976768319165e+01 -2.612846250188209041e+01
-3.942587063266684311e+01 -2.789913090050217903e+01
-4.074667160691225121e+01 -2.969697987522161142e+01
-3.881864862500188451e+01 -3.118230955027913964e+01
-4.253824013876740651e+01 -2.927000317856417766e+01
-4.238618869989966242e+01 -3.133870231047738031e+01
-4.097324893209952990e+01 -3.470598676307395891e+01
-3.881663054174415350e+01 -3.530759450741566496e+01
-3.579500044798164282e+01 -3.460221973904166504e+01
-3.495999730768415503e+01 -3.243465980647097524e+01
-3.344560228856334305e+01 -3.447344844010265064e+01
-3.081083480328038604e+01 -3.515515132061039338e+01
-2.885823349324181564e+01 -3.365134635580753297e+01
-2.691632895491915534e+01 -3.078331441957580950e+01
-2.611341289978961200e+01 -2.783010056677909105e+01
-2.744134957836420341e+01 -2.581911774119229719e+01
-2.745539359883748531e+01 -2.870488399486920272e+01
-2.862913823161207461e+01 -2.587571486201682447e+01
-2.901300916497435267e+01 -2.253225432620599733e+01
-2.759960292927281600e+01 -2.056532163068833441e+01
-2.465592809090798454e+01 -1.792189905293278329e+01
-2.225144449482904818e+01 -1.762280597752275924e+01
-1.801666202785861515e+01 -1.783960425283556361e+01
-1.456404464599152604e+01 -1.862209862395153337e+01
-1.631839280880280185e+01 -2.004730049925401048e+01
-1.181832874211466411e+01 -1.701373833528845836e+01
-1.419901332299616925e+01 -1.927991892613959024e+01
-1.375658490246864041e+01 -2.149815735245189430e+01
-1.138993404509156804e+01 -2.098150236605873431e+01
-9.751441811173013008e+00 -1.879948196509380764e+01
-7.346437160910060271e+00 -1.897187223665596889e+01
-6.222890364177547262e+00 -1.680645673792057693e+01
-4.992887379043129847e+00 -1.280391338657366873e+01
-6.736212541045206947e+00 -1.185193269935135696e+01
-1.009408840370334026e+01 -1.164784347620682148e+01
-7.997313135084635149e+00 -1.026055719831285096e+01
-4.137879827280377398e+00 -8.570734864570601630e+00
-1.497486550508352554e+00 -8.609279372455032942e+00
-2.810000893178154158e+00 -6.549415227426482744e+00
-1.245568030018591621e+00 -4.735582704665904252e+00
-8.191130522796336022e-01 -1.840803849075866028e+00
6.668898823846897139e-01 -3.847114798001496805e+00
-2.715024144196257483e-01 -6.413947830289469243e-01
7.258050102877414700e-01 1.608537614990565912e+00
