3.709134485366960376e+01 2.291648668300784664e+01
3.384614189689303743e+01 2.552019186961315000e+01
2.876111084990530742e+01 2.404156973484679582e+01
3.122628805076205438e+01 2.012067834499300645e+01
2.732217369417474373e+01 1.735842385423740453e+01
2.540189656536479035e+01 2.171534383613207453e+01
2.063985537278488636e+01 2.109610402054090272e+01
2.055357153324541741e+01 1.635686223158025498e+01
1.602444254697362780e+01 1.456086512840773217e+01
1.692701194134935250e+01 9.920641387718283966e+00
2.143081380389543256e+01 7.263824472668051868e+00
2.228661178786457242e+01 1.187197918798519325e+01
2.368429119519108283e+01 5.501515952177875590e+00
2.715164445202593413e+01 8.239571167938363416e+00
2.110324989689974018e+01 7.370618131756244473e+00
2.722032915546737186e+01 1.011099119837006199e+01
3.379010711910097342e+01 1.118838780801353572e+01
4.045329656663493978e+01 1.056202739306858618e+01
4.655392878269513091e+01 8.212213509601777872e+00
4.311943061631806984e+01 5.366738095048090962e+00
4.809336001276373906e+01 3.969552559230004274e+00
4.163770746677129608e+01 3.363877046558708450e+00
4.274287492226186203e+01 -7.834098884733904367e-01
4.592026563599664257e+01 3.480352845443393850e+00
4.316595872023407310e+01 -3.236539137410002098e+00
4.655744492066904172e+01 -5.628617464717587282e+00
4.300469216220280799e+01 -9.125316882598838220e+00
3.719012815929061588e+01 -1.105414385298571034e+01
3.022754202751924879e+01 -1.157931619383439070e+01
2.591097943486731836e+01 -9.019953159195562620e+00
1.956989386197001579e+01 -8.116920929258521156e+00
2.909298601470268508e+01 -8.595659270905640525e+00
2.388311711742127841e+01 -1.013388181491439965e+01
1.889442463672670058e+01 -8.210292293177971601e+00
1.573647819315822360e+01 -3.673746351821828515e+00
1.155053820298333100e+01 -5.432224155562122014e+00
9.211534636973249590e+00 -1.216151707704301810e+00
1.429425359775907722e+01 -2.531254924979728926e+00
1.315776375665063291e+01 2.114241434528052466e+00
1.714460051174507527e+01 -2.650691480292335367e+00
1.465364583246499031e+01 3.340407153415648978e+00
1.052981142696965833e+01 7.949314885739301673e+00
7.614059516462376109e+00 4.722539259387934507e+00
6.417212145902409404e+00 9.792112209642914067e+00
3.423122539184354718e+00 5.753256461707460190e+00
6.878225152288169220e+00 2.628573386251616295e+00
3.363142618123636796e-01 5.762271223056262492e+00
-2.147236653418803431e+00 2.446458739653648351e+00
2.194712410607803366e-02 -2.255015264243566353e+00
2.392620390444216039e+00 2.098226807628519985e+00
