3.477207523311383142e+01 2.379171627412470613e+01
3.287566894578813503e+01 2.274299375464949335e+01
3.097926546877278042e+01 2.169427737311641735e+01
2.908286227402390978e+01 2.064556147443078871e+01
2.718646254184288580e+01 1.959681054837963998e+01
2.529013364489243543e+01 1.854782528184511392e+01
2.339384220193281294e+01 1.749873547305691801e+01
2.149758954033294600e+01 1.644962006232584528e+01
2.093961033688032813e+01 1.500095631142574426e+01
2.095667879726812544e+01 1.357030339171760325e+01
2.235772863412230294e+01 1.250539685942207768e+01
2.427894910025517916e+01 1.164510142797390202e+01
2.620087764718746470e+01 1.078493793095060660e+01
2.817922724718515326e+01 9.940967885043905383e+00
3.021371693370861777e+01 9.108342029672870765e+00
3.224820282945948691e+01 8.275712419716249713e+00
3.428268775068382723e+01 7.443086972909150667e+00
3.631735212272491964e+01 6.609907317463652454e+00
3.835190566274662416e+01 5.776609264758005402e+00
4.038645133434095413e+01 4.943296954103836072e+00
4.137519925325800330e+01 3.463013344317404929e+00
4.236393162241522248e+01 1.982707411041650492e+00
4.335089231311850000e+01 5.018488116541367505e-01
4.330510335385142184e+01 -1.056741388608060550e+00
4.177671517194790596e+01 -2.758465259061769093e+00
3.958176878173050994e+01 -4.242451792814764922e+00
3.738661934323829428e+01 -5.726354364130564534e+00
3.519138158556401663e+01 -7.210200745116797982e+00
3.247756630743182171e+01 -7.768255591585458752e+00
2.976116913295903998e+01 -8.312994207412925718e+00
2.709929199802472510e+01 -8.459014532875585246e+00
2.462215663171512503e+01 -7.964734393536326174e+00
2.214889122485136497e+01 -7.454198366760970806e+00
1.979379100625338594e+01 -6.710297487523540383e+00
1.833397794913029699e+01 -5.258759530592190146e+00
1.687429539962992919e+01 -3.807154581045881336e+00
1.541464082261922819e+01 -2.355560211625381761e+00
1.395498041329207872e+01 -9.039902468353830933e-01
1.249534225084682149e+01 5.475727467049439356e-01
1.114700163979982150e+01 1.741738537194445158e+00
9.798679653544208890e+00 2.935873800200112349e+00
8.450462253618423958e+00 4.129530414228435475e+00
7.103649208267609261e+00 5.307871376629413440e+00
5.724459558428560690e+00 5.145647976251988887e+00
4.345335460277226503e+00 4.983180986201767304e+00
3.034533683295880913e+00 4.645728845214684100e+00
1.723751480989793805e+00 4.308206080284733730e+00
4.129815084877831999e-01 3.970679447922386363e+00
-8.977689558362890176e-01 3.633153449236729671e+00
-2.208520251810526691e+00 3.295625856350041349e+00
