-1.118862945477814286e+01 3.431328780743920781e+00
-1.168123243107276643e+01 -6.011443316750033627e-01
-8.711444561364508843e+00 3.460778576327038780e-01
-1.288586008463632204e+01 1.106204576138620554e+00
-1.239288877783776854e+01 4.041154180529868079e+00
-9.126347760797466790e+00 5.411783673867485156e+00
-1.219075979812646793e+01 6.999834270822165472e+00
-1.360372512742852713e+01 1.041012881444905958e+01
-1.663287623990047592e+01 1.351524197722895515e+01
-1.489239400063823204e+01 1.592017039981436710e+01
-1.134656615363559773e+01 1.572471922983887893e+01
-1.053514779420067349e+01 1.879922186958548735e+01
-1.293652695911570305e+01 2.127681555405122538e+01
-1.158544179653927131e+01 2.424981004618577529e+01
-8.324740447441733693e+00 2.740755775626571733e+01
-7.677896848251213768e+00 3.084215268538066823e+01
-1.087398775996231493e+01 3.026920992792861753e+01
-2.750649935294180892e+00 3.222656786450254884e+01
-5.660091481463457974e+00 3.303519630520380446e+01
-1.128271486684701008e+00 3.361683953049293194e+01
-3.969338354151383363e+00 3.542696253589426902e+01
-9.217656685150323881e+00 3.754135245402191146e+01
-9.908947361310078250e+00 4.035616871931564020e+01
-6.479555996921821048e+00 4.000306664275309032e+01
-2.960929348195346922e+00 3.776540024720627997e+01
-5.204596957165365190e+00 4.113310391839478797e+01
-8.431513944579162256e+00 4.119172820556795500e+01
-3.667132794709512922e+00 4.252154829291779947e+01
-3.556069013244201216e+00 3.967010100155167152e+01
-6.432735961481132136e+00 3.744320088171335215e+01
-2.994533571296878804e+00 3.689717855864277851e+01
-3.419942555676862561e+00 3.374661564817246528e+01
-1.296886796759446903e-01 3.408280842840365921e+01
-1.829636091261240383e+00 3.106955242984968635e+01
-1.813612854718449352e+00 2.704218035016423016e+01
1.152131269896393917e+00 2.628273662896879159e+01
5.570757419952093947e+00 2.702895913213508194e+01
5.713590651489654171e+00 2.410331305258666035e+01
3.085046255391162173e+00 2.146633377870530168e+01
5.206294843535721029e+00 1.919323462394895330e+01
6.555308704654675189e+00 1.501405166472659403e+01
5.530817992617238943e+00 1.161398461354015943e+01
2.311799906616570421e+00 1.073701382447915620e+01
2.236016073902732604e+00 7.467759553523192650e+00
4.522061358669136943e+00 4.420042521635873634e+00
4.421924418285706260e+00 8.076872694651255902e-01
2.239239763958761564e+00 -2.356626012348393306e+00
-5.834202207357699344e-01 -1.092466617650878602e+00
-5.564970853889131819e-01 2.312508905556088123e+00
2.233674031787056702e+00 3.325152590383150808e-01
