-1.092620405758209934e+01 -1.902937895224397491e-01
-1.132859325715656418e+01 1.262272770987580062e+00
-1.173098565141575556e+01 2.714839778398672188e+00
-1.213338146374434245e+01 4.167406289926997687e+00
-1.253577309258316497e+01 5.619970333100605231e+00
-1.293812834144456048e+01 7.072684891286290743e+00
-1.334043733490115358e+01 8.525448225383463807e+00
-1.321727698701870857e+01 1.071616578094919348e+01
-1.309355335343676607e+01 1.290723614412912923e+01
-1.296970061398524976e+01 1.509835453134397554e+01
-1.225427791299481761e+01 1.733277491435281803e+01
-1.153885374848520406e+01 1.956719510746676960e+01
-1.082334591105389698e+01 2.180162528762635077e+01
-1.010783080251047572e+01 2.403605150420332492e+01
-9.392316274385375863e+00 2.627047509450800078e+01
-8.676775304804175803e+00 2.850483523719074697e+01
-8.004928185456691381e+00 3.022693866683579245e+01
-7.333302628022762448e+00 3.194821408936505591e+01
-6.661929120130952064e+00 3.366891966168154937e+01
-6.258448444552148437e+00 3.497614155627964294e+01
-6.053088414738702738e+00 3.601544298537349675e+01
-5.847911270105626613e+00 3.705437248703824338e+01
-5.643382727721116154e+00 3.809190220487364087e+01
-5.438959683744984730e+00 3.912921163453970763e+01
-5.262866050322041467e+00 3.996016731503722497e+01
-5.086773091580836237e+00 4.079111258115205629e+01
-4.827293170035072301e+00 4.032998629114189271e+01
-4.567768706755340524e+00 3.986865753255275990e+01
-4.307769679139521912e+00 3.940492534354788745e+01
-3.806996491004701610e+00 3.818034665490205271e+01
-2.993463878581483328e+00 3.637657171567114744e+01
-2.130078362524147728e+00 3.444346340761524772e+01
-1.247929383593456176e+00 3.244760579583033433e+01
-3.657751253204604702e-01 3.045171611531232259e+01
5.163677135375793759e-01 2.845571084593807498e+01
1.398437849292125668e+00 2.645958789552190282e+01
2.280438816647205158e+00 2.446332431868378521e+01
3.162427953535258851e+00 2.246703028944854807e+01
4.041903665122204892e+00 2.046768120412632541e+01
4.362566536283575935e+00 1.803561974922119759e+01
4.466277832901146994e+00 1.553110354373839463e+01
4.569304407137939172e+00 1.302662752617382580e+01
4.333192806487145887e+00 1.069603365374026716e+01
4.096751070482200774e+00 8.365714173934582831e+00
3.860125883095915977e+00 6.035785908627243401e+00
3.314505781070473223e+00 4.914132511034069672e+00
2.768885705156350685e+00 3.792479338528427668e+00
2.223268102121461087e+00 2.670825226296449362e+00
1.677681712727429941e+00 1.549209959955482052e+00
1.132100784214867373e+00 4.276087189736653138e-01
