4.207138980266265649e-01 -5.750188950940148674e-02 4.299533136865975602e-01
4.300568375715563274e-01 -7.063857652303047463e-02 4.084439542312068294e-01
4.322162651570057301e-01 -6.387273378892321940e-02 4.142126785412865164e-01
4.398382152148677116e-01 -5.866704293095579420e-02 4.075615968104880360e-01
4.498568053681583634e-01 -4.930662242224691932e-02 3.963098238019691633e-01
4.591030095098684316e-01 -4.471282452808724578e-02 3.889907504703979946e-01
4.739388757798294050e-01 -3.589277194216712596e-02 3.759404409016924298e-01
4.889400202262954576e-01 -2.803404806666583149e-02 3.629182262673713577e-01
4.995032611495778263e-01 -2.099640025691138986e-02 3.533140539806104985e-01
5.189917636674180601e-01 -7.282746161277222144e-03 3.353706566817659107e-01
5.245489988389248071e-01 -6.535619967368110420e-03 3.286791559831569454e-01
5.312618436042564340e-01 -3.567853512327117857e-04 3.204489408755040181e-01
5.448373560861816678e-01 1.339975053144733946e-02 3.037707541949440371e-01
5.524466275349435573e-01 2.308932569219308492e-02 2.933072201721830807e-01
5.642960426014528297e-01 3.647642291721871904e-02 2.780579188007334945e-01
5.690168990164807816e-01 4.184647982536692651e-02 2.690021178880399044e-01
5.776869375663051809e-01 5.416083266708137528e-02 2.500055655555039058e-01
5.871443668062569232e-01 6.686851760238712861e-02 2.308803512731741892e-01
5.937718439192137820e-01 7.701580950902707501e-02 2.181333706438022269e-01
6.012523630055536250e-01 8.594226791941464438e-02 2.047510785647537468e-01
6.076012227818227140e-01 9.220984260681415468e-02 1.916528246113921585e-01
6.182469684166483903e-01 1.014848483343734481e-01 1.712804665863968401e-01
6.271557814825942101e-01 1.100154848535077196e-01 1.524811709341275245e-01
6.329372429874786654e-01 1.157299595866864705e-01 1.479569368042658872e-01
6.541254584484578194e-01 1.359371899729261701e-01 1.309249038310059676e-01
6.648354264845658390e-01 1.470352985145745583e-01 1.225042319544270841e-01
6.621826376515115298e-01 1.492100206408361052e-01 1.180323123007227248e-01
6.675815772556904504e-01 1.579896244509755021e-01 1.102816962033109360e-01
6.766617698596102404e-01 1.695911271653658681e-01 9.819822809802009056e-02
6.806425321062693490e-01 1.763565011250373682e-01 8.861850038039797983e-02
6.893535856900937508e-01 1.919547148739824960e-01 6.826016095313187926e-02
6.964802912432633830e-01 2.039444576848530866e-01 5.480561321589149520e-02
6.943792410575357898e-01 2.114537221968907088e-01 5.730589105134193534e-02
7.042089093258045995e-01 2.139937354949010551e-01 5.539806091090247742e-02
7.069811317420859886e-01 2.236877388737948391e-01 5.434265892753644550e-02
7.153704220745762399e-01 2.326893153110181911e-01 5.236591521423440698e-02
7.162171410861830623e-01 2.401565702383034184e-01 4.577927230112343454e-02
7.249857268001167476e-01 2.452732806771191210e-01 4.182310625173093349e-02
7.230483390490110018e-01 2.497218451299633712e-01 4.933899385545062466e-02
7.315269626020610705e-01 2.528926634193374712e-01 4.176360303894418452e-02
7.295570718811463795e-01 2.623281171818643287e-01 4.016076824056061950e-02
7.355589393708040769e-01 2.706157665612345942e-01 4.233148981197915744e-02
7.366575368059075091e-01 2.806045740434895408e-01 3.852311628501010887e-02
7.450068471945804349e-01 2.852813294659687360e-01 3.743116130565567190e-02
7.371038250457959684e-01 2.943293758079537081e-01 3.210241458315491597e-02
7.485786774375960961e-01 2.971876928923585792e-01 3.071489376679681707e-02
7.413282391165051388e-01 3.058595569842859629e-01 3.084075633901304722e-02
7.507640342307241310e-01 3.090683356468789666e-01 3.011322407077912308e-02
7.410815711523428551e-01 3.100450755067288844e-01 2.505869328540471022e-02
7.577481084510100384e-01 3.088633997450411228e-01 3.060267056194438187e-02
