4.034369444856519826e-01 -7.928836553000624676e-02 4.389774701603094686e-01
4.155367153518459422e-01 -7.185842746751036625e-02 4.281629670057039427e-01
4.276359669728230783e-01 -6.442891712771063595e-02 4.173472760466930831e-01
4.397353684840267229e-01 -5.699888776794059114e-02 4.065315490707157031e-01
4.518356084970577280e-01 -4.956818125567485911e-02 3.957126064450144365e-01
4.639383610176989747e-01 -4.213529149797989176e-02 3.848928105447551595e-01
4.760416893041377606e-01 -3.470257732191860123e-02 3.740697076609469374e-01
4.881453121743955514e-01 -2.727007439899861718e-02 3.632450998285067234e-01
5.002435338527499997e-01 -1.982901258383385629e-02 3.524115870023393771e-01
5.122821359187462731e-01 -1.232599667220733199e-02 3.415058428354398878e-01
5.239317756213323074e-01 -4.593594309034292403e-03 3.302487297013178003e-01
5.349864327523397023e-01 3.547859749961589787e-03 3.184141921067378256e-01
5.435646576543418096e-01 1.339261624166305023e-02 3.042127005123170247e-01
5.521397498538046511e-01 2.323808262963318605e-02 2.900090139533624267e-01
5.607142024195024277e-01 3.308587617587924884e-02 2.758022116009057334e-01
5.692900019463508210e-01 4.293440299537076149e-02 2.615934567698598445e-01
5.778666068721540761e-01 5.278330562007406412e-02 2.473854846753435199e-01
5.864427775260513398e-01 6.263247847153355363e-02 2.331774885695306887e-01
5.950190912322743664e-01 7.248150368974211333e-02 2.189695193072992707e-01
6.035960616788302868e-01 8.232407177077469274e-02 2.047647980609874074e-01
6.121771146011754094e-01 9.216314270945885623e-02 1.905659086859256279e-01
6.207685757404208804e-01 1.019968231914617496e-01 1.763828562906805675e-01
6.293667082505799426e-01 1.118104999442357667e-01 1.622472790929419262e-01
6.379648560882615893e-01 1.216241109586883029e-01 1.481114488651896488e-01
6.464357093117625297e-01 1.314057343472615214e-01 1.348424339902974112e-01
6.536736256183526272e-01 1.410949588617091965e-01 1.243757005000942356e-01
6.607270765904588172e-01 1.508062221849258422e-01 1.141961644853331515e-01
6.677781618904410355e-01 1.605180239557904565e-01 1.040200596644200726e-01
6.746977518304323462e-01 1.702947369296440583e-01 9.398668587206615577e-02
6.816116417898393509e-01 1.800753001091613681e-01 8.395977893872436093e-02
6.885205254262882768e-01 1.898562142102895867e-01 7.393942520690616194e-02
6.947730129669548171e-01 1.994022591742926065e-01 6.522797745032143935e-02
6.998933340720985274e-01 2.079033264772825185e-01 5.949318530712120051e-02
7.046251426646552574e-01 2.159636575016423699e-01 5.508346395326157996e-02
7.091622217731556876e-01 2.237693321884819952e-01 5.133129540091129622e-02
7.134168256577090306e-01 2.311040187141325808e-01 4.861185287990633930e-02
7.172627819392470849e-01 2.379933311381231265e-01 4.682547242151474665e-02
7.210130553237100726e-01 2.448056067223362275e-01 4.516907432888642854e-02
7.244758981339889381e-01 2.515022249978495217e-01 4.370113318866756386e-02
7.279311022193355463e-01 2.581927899269846338e-01 4.223441427892765665e-02
7.313815432097373614e-01 2.648833486937176018e-01 4.076540126652895835e-02
7.346757802203534027e-01 2.715802942661298958e-01 3.926075844919020563e-02
7.378891262163640441e-01 2.782726653087194690e-01 3.773194377036596242e-02
7.401311473245408834e-01 2.845719343325623929e-01 3.590615031741507118e-02
7.422222238404910799e-01 2.907667995768367097e-01 3.403337269648317592e-02
7.443123874148565022e-01 2.969611368226545700e-01 3.216024395247671364e-02
7.463923917173957978e-01 3.031481671077803086e-01 3.028253363746232288e-02
7.484704565311742774e-01 3.093348210755264005e-01 2.840601125958604894e-02
7.505480257725525295e-01 3.155205651846499926e-01 2.653038910483955862e-02
7.526254588656022815e-01 3.217060078805614731e-01 2.465490046671912905e-02
