-1.090922778168715013e+01 -2.020227366979092665e+00
-1.094649291884499576e+01 -2.020227366979092665e+00
-1.106474686975918331e+01 -2.020227366979099770e+00
-1.142374709278230682e+01 -2.020227366979099770e+00
-1.208163084259344089e+01 -2.020227366979099770e+00
-1.296360293553425436e+01 -2.020227366979099770e+00
-1.400747523041383857e+01 -2.020227366979099770e+00
-1.521254898721754500e+01 -2.020227366979099770e+00
-1.690865539780828186e+01 -2.020227366979099770e+00
-1.889848090632246880e+01 -2.020227366979099770e+00
-2.099990410176247480e+01 -2.020227366979099770e+00
-2.296059723873211311e+01 -2.020227366979099770e+00
-2.468054548165092399e+01 -2.020227366979099770e+00
-2.660681307153176078e+01 -2.020227366979099770e+00
-2.841080857079290212e+01 -2.022288366345474486e+00
-2.997204057552692547e+01 -2.071264996117871959e+00
-3.150820050957523222e+01 -2.157778639972796952e+00
-3.306212992253699667e+01 -2.216678749779561031e+00
-3.473366749389598596e+01 -2.220927910730704724e+00
-3.651594353308429675e+01 -2.117368624334776683e+00
-3.804849136300454404e+01 -1.689445996505870795e+00
-3.931369497727453677e+01 -7.429866266843099254e-01
-4.012619522810312844e+01 4.358620140823745714e-01
-4.060204081880810634e+01 1.762988869802985192e+00
-4.061486554662981519e+01 3.431003418591483722e+00
-4.005109689388220318e+01 5.219639822460905521e+00
-3.894777587179903833e+01 6.958602933143893665e+00
-3.762021346323817284e+01 8.362453009504882573e+00
-3.615723140148933368e+01 9.422702455569780255e+00
-3.433483371203845991e+01 1.015551998174870718e+01
-3.221493869583213154e+01 1.060258047721262287e+01
-2.967994200798618820e+01 1.093383853644460046e+01
-2.711765919371995892e+01 1.099175127985738243e+01
-2.449620719748867259e+01 1.076896523011739859e+01
-2.179374298270890620e+01 1.033852125724560622e+01
-1.920484765271905303e+01 9.763186807893358576e+00
-1.660629230066756179e+01 9.016062317930657599e+00
-1.398392105817597297e+01 8.149072758793298732e+00
-1.164628174319462772e+01 7.329681536889232518e+00
-9.241035612467236149e+00 6.331537197938772010e+00
-7.125734218299371037e+00 5.261272583835317818e+00
-5.377030430215391732e+00 4.256096324032032641e+00
-3.983366973143361633e+00 3.363779739524243695e+00
-2.860750790947740541e+00 2.532701900944299922e+00
-1.749924751260508060e+00 1.683933137178492245e+00
-8.595325216635529841e-01 9.887374045802950207e-01
-2.595743746157950227e-01 4.608331693210381275e-01
6.957760596259277008e-02 1.259529226750615294e-01
1.424155211029827228e-01 1.101127586970918060e-02
0.000000000000000000e+00 0.000000000000000000e+00
