-1.069731640737264478e+01 -2.019678743622698835e+00
-1.096208180678410216e+01 -2.020108003952500564e+00
-1.122685494057400746e+01 -2.020537653220474184e+00
-1.149308825823070812e+01 -2.020930976946023083e+00
-1.212251044480724005e+01 -2.019656286136747525e+00
-1.297386856169033642e+01 -2.016244824917566625e+00
-1.400831105484888717e+01 -2.010109063227232706e+00
-1.555566774774498207e+01 -2.006317623403438333e+00
-1.734455632747893716e+01 -2.016424707173010145e+00
-1.913345950586048971e+01 -2.026536107989989510e+00
-2.092241171332274874e+01 -2.036660929199715309e+00
-2.271136397284012887e+01 -2.046785673039515085e+00
-2.450030805964022917e+01 -2.056906544424139227e+00
-2.628919520281851874e+01 -2.067050035615008774e+00
-2.807799822637717213e+01 -2.077214384784854762e+00
-2.980423389184697669e+01 -2.093065188062577242e+00
-3.153018601298724377e+01 -2.108867602296055299e+00
-3.325613171490719111e+01 -2.124661291039798616e+00
-3.498205525883156497e+01 -2.140405953411755213e+00
-3.664477201972496800e+01 -2.038565485852655623e+00
-3.810676250162246248e+01 -1.580774862401814751e+00
-3.926420200321507537e+01 -7.053300492807539346e-01
-4.009134541871109292e+01 4.853158039372671428e-01
-4.055027117751737364e+01 1.909778235266978541e+00
-4.049481594229446557e+01 3.522800566187930915e+00
-3.994491502006730599e+01 5.180282071756626472e+00
-3.900489684602563756e+01 6.755805251462370542e+00
-3.774970649214198914e+01 8.171791698935225057e+00
-3.618883127684915024e+01 9.351785918540860720e+00
-3.424251590212154639e+01 1.016588049016238138e+01
-3.198423633420709677e+01 1.064008201355821370e+01
-2.957373155678245880e+01 1.090892234421792217e+01
-2.704319670262598763e+01 1.094435970563602645e+01
-2.443207052014601643e+01 1.071511790316797352e+01
-2.180383947264343547e+01 1.029597943646246527e+01
-1.919784327155727510e+01 9.705705856278139976e+00
-1.664386635172728646e+01 8.977608966153146852e+00
-1.414158609447744830e+01 8.172032699982009873e+00
-1.171008912954939163e+01 7.303538044013333064e+00
-9.403567459973803722e+00 6.365591567144234908e+00
-7.323246820791519340e+00 5.363321572165262729e+00
-5.493628442689675317e+00 4.351461416730695753e+00
-4.047777079328887417e+00 3.406061938054371740e+00
-2.873392658247766906e+00 2.546097109826494620e+00
-1.791394969203721210e+00 1.728024335866316319e+00
-8.973026980735907543e-01 1.020127629810206882e+00
-3.614660158531662337e-01 5.499703075100356164e-01
-1.106729567352719018e-01 2.826138545534095381e-01
1.401205185032360634e-01 1.525726048716860572e-02
3.909076432305231830e-01 -2.520909297465103727e-01
