1.950004870809184254e+01 2.501876568929846201e+01
1.956920642070611649e+01 2.469920817009625225e+01
1.963836332447992916e+01 2.437965089507659400e+01
1.970752921205546926e+01 2.406007563120082082e+01
1.977670145476657737e+01 2.374047852532879332e+01
1.984605568165416400e+01 2.341820920460100197e+01
1.992286869877520417e+01 2.180573507710828451e+01
1.998109037939851973e+01 2.006591878369480852e+01
2.003927772596455270e+01 1.832606349828804682e+01
2.009746578876712775e+01 1.658620731735618392e+01
2.015565077622950696e+01 1.484633950591580742e+01
2.021370986953786186e+01 1.310644054092029620e+01
2.027128175204880733e+01 1.136642558261487679e+01
2.032882045531674819e+01 9.626402078034145049e+00
2.038633993431809799e+01 7.886384277939851195e+00
2.044374347176595208e+01 6.146365781052601562e+00
2.050114723299595454e+01 4.406343391257535380e+00
2.055851174894089439e+01 2.666321747442031320e+00
2.061572512360531562e+01 9.262639277108367653e-01
2.067280846405957462e+01 -8.138005942120409841e-01
2.070464112417336366e+01 -2.558540412183329948e+00
2.069454658614181142e+01 -4.310220262402070901e+00
2.053712827909995653e+01 -6.082312995440494419e+00
2.032579427327157973e+01 -7.859173577267678290e+00
1.997768814666083870e+01 -9.634843364502112095e+00
1.944400475939245965e+01 -1.138177230175013577e+01
1.878372957730284654e+01 -1.308365068756508798e+01
1.800706287527161464e+01 -1.471608447460349467e+01
1.702092021456984483e+01 -1.615542732321567598e+01
1.580751108722665244e+01 -1.728318745165050885e+01
1.442429630500983428e+01 -1.806877523526791762e+01
1.293719555478880778e+01 -1.852887074607986762e+01
1.141097829861661594e+01 -1.876004532597445618e+01
9.879951212158371021e+00 -1.884557641705482567e+01
8.357143787920566780e+00 -1.884615129094695263e+01
6.857588790108433585e+00 -1.873903106312310740e+01
5.438667572430386343e+00 -1.840121835534350936e+01
4.112484851025043575e+00 -1.787314350750433078e+01
2.886710899224777638e+00 -1.718882800944771816e+01
1.870953343403443547e+00 -1.624982805643963246e+01
1.107085069771043484e+00 -1.506625770111918960e+01
5.600568243260233281e-01 -1.371639150221373527e+01
1.975687109506362726e-01 -1.225879299199455730e+01
-1.073186966509613732e-01 -1.077743980430228810e+01
-4.088104541428050909e-01 -9.295391595386853112e+00
-7.097462110881173070e-01 -7.813227137049562288e+00
-1.010676672858219938e+00 -6.331054085628320394e+00
-1.311594678837013195e+00 -4.848883382166251366e+00
-1.612510559101220098e+00 -3.366713738397282718e+00
-1.913434267890750107e+00 -1.884544279403121969e+00
