1.962962962962966174e+01 2.444444444444449971e+01
1.962962962962964752e+01 2.442991438841195873e+01
1.962962962962964752e+01 2.439385505160909418e+01
1.962962962962964752e+01 2.432528001589984967e+01
1.962962962962964752e+01 2.420412546249036723e+01
1.963907310517765836e+01 2.378569983449837366e+01
1.975248995310165867e+01 2.259499888378822163e+01
1.992235028054385282e+01 2.077652383482030984e+01
2.014471610862455009e+01 1.854973285820139495e+01
2.029720446037185866e+01 1.655124388385915779e+01
2.036945102197994117e+01 1.472775314153348347e+01
2.037037037037028142e+01 1.286886562901405284e+01
2.037037037037028142e+01 1.102577348397092294e+01
2.037037037037028142e+01 9.094430519306726524e+00
2.037037037037028142e+01 7.377589407857612969e+00
2.037037037037028142e+01 5.827731113343560310e+00
2.039837948480881380e+01 4.284668769381838160e+00
2.052814463367565168e+01 2.803016195236807562e+00
2.067545370088907930e+01 1.223955605576051653e+00
2.074036491904911372e+01 -5.042954854694698952e-01
2.074074074074063390e+01 -2.255450235264305547e+00
2.070162227427296386e+01 -4.153865386624033817e+00
2.056359250793123294e+01 -5.832143823944861083e+00
2.041212496408351740e+01 -7.460130945553586912e+00
2.017288120230031723e+01 -9.311742268129492572e+00
1.970424284469075360e+01 -1.120500188881901238e+01
1.894334886015323605e+01 -1.326263177751303601e+01
1.813387306553539702e+01 -1.502566369612931396e+01
1.705358949193889373e+01 -1.648119757553583042e+01
1.573509406307354652e+01 -1.757278061932083801e+01
1.442079891345406395e+01 -1.823221185902079355e+01
1.292025326664025897e+01 -1.864070436092939076e+01
1.136563350041149079e+01 -1.883395986883519413e+01
9.820001892851919933e+00 -1.888870340110801749e+01
8.253853036311014080e+00 -1.888883251958816345e+01
6.843572900008368265e+00 -1.882773119095814707e+01
5.445510437503557455e+00 -1.849112505795834238e+01
4.016713154243163331e+00 -1.790598352708606456e+01
2.789834448678348622e+00 -1.726825039893832070e+01
1.810720454352107822e+00 -1.636621157885289790e+01
1.063386288795484802e+00 -1.522178483990137465e+01
5.109334230854614134e-01 -1.382077161678373045e+01
5.242441319069257588e-03 -1.229439988229630387e+01
-4.137571590766384588e-01 -1.077627339417041696e+01
-7.910592801081008929e-01 -9.161942511571893988e+00
-1.020006961965222558e+00 -7.577161629602613857e+00
-1.027524171496125405e+00 -5.933373564056452665e+00
-6.606482921206122683e-01 -4.019061959292912434e+00
-1.968819684550737747e-01 -2.038105495618765417e+00
0.000000000000000000e+00 0.000000000000000000e+00
